ID	Log2FoldChange	PValue
ENSG00000152583	-4.61	1.33E-101
ENSG00000148175	-1.43	1.43E-57
ENSG00000179094	-3.18	5.72E-53
ENSG00000134686	-1.39	3.02E-48
ENSG00000125148	-2.2	1.94E-46
ENSG00000120129	-2.95	4.73E-46
ENSG00000189221	-3.31	8.59E-45
ENSG00000109906	-7.14	7.36E-44
ENSG00000178695	2.5	7.2E-42
ENSG00000101347	-3.86	1.66E-40
ENSG00000196517	2.23	1.46E-39
ENSG00000162614	-2.03	1.34E-38
ENSG00000096060	-3.94	9.7E-38
ENSG00000162616	-1.53	1.14E-33
ENSG00000166741	-2.11	1.66E-32
ENSG00000116584	1.01	1E-30
ENSG00000183044	-1.16	3.14E-30
ENSG00000144369	1.35	6.03E-29
ENSG00000164125	-1.13	8.95E-29
ENSG00000198624	-2.9	9.58E-28
ENSG00000276600	1.84	5.32E-27
ENSG00000108821	1.3	6.6E-27
ENSG00000256235	-1.27	1.37E-26
ENSG00000077684	-1.21	1.58E-26
ENSG00000135821	-3	2.29E-26
ENSG00000164647	-1.56	3.98E-26
ENSG00000114098	-1.36	9.83E-26
ENSG00000163884	-4.56	1.19E-25
ENSG00000162692	3.6	1.56E-25
ENSG00000139132	-2.26	1.56E-25
ENSG00000181467	1.29	8.07E-25
ENSG00000123562	-1.02	1.2E-24
ENSG00000145777	2.79	3.11E-24
ENSG00000165995	-3.3	9.26E-24
ENSG00000116285	-2.44	1.28E-23
ENSG00000163491	2.47	1.75E-23
ENSG00000183160	1.17	2.27E-23
ENSG00000163697	-1.09	7.24E-23
ENSG00000177666	-1.11	1.05E-22
ENSG00000103196	-2.7	1.13E-22
ENSG00000119138	-2.11	2.59E-22
ENSG00000141401	-2.34	4.35E-22
ENSG00000157150	-2.95	4.64E-22
ENSG00000166482	0.96	5.5E-22
ENSG00000139289	1	6.08E-22
ENSG00000185950	-2.17	8.16E-22
ENSG00000172986	1.57	1.47E-21
ENSG00000158246	-2.33	1.91E-21
ENSG00000133142	-1.55	5.02E-21
ENSG00000211445	-3.74	7.2E-21
ENSG00000164484	1.21	4.2E-20
ENSG00000131389	2.13	2.81E-19
ENSG00000132356	-0.87	4.25E-19
ENSG00000197043	-0.92	5.21E-19
ENSG00000157110	-0.89	5.52E-19
ENSG00000161647	-1.6	6.9E-19
ENSG00000134253	1.97	7.62E-19
ENSG00000110756	-1.59	1.19E-18
ENSG00000157514	-3.33	1.48E-18
ENSG00000132970	-1.1	1.54E-18
ENSG00000250978	-6.29	1.69E-18
ENSG00000124766	2.36	2.39E-18
ENSG00000177283	-2.54	2.97E-18
ENSG00000157613	0.98	2.97E-18
ENSG00000103502	-0.82	2.97E-18
ENSG00000163110	-1.58	3.22E-18
ENSG00000151726	-1.6	6.6E-18
ENSG00000227051	1.14	7.97E-18
ENSG00000169738	-2.14	1.53E-17
ENSG00000196975	-1.19	1.54E-17
ENSG00000146006	4.19	2.06E-17
ENSG00000174306	-1.14	2.29E-17
ENSG00000154734	-2.3	2.31E-17
ENSG00000118689	-1.3	2.32E-17
ENSG00000221869	-1.5	3.59E-17
ENSG00000072958	-1.1	3.59E-17
ENSG00000112837	1.8	3.86E-17
ENSG00000157214	-1.99	3.86E-17
ENSG00000067369	0.8	5.53E-17
ENSG00000185432	-2.32	6.8E-17
ENSG00000128311	-1.29	6.8E-17
ENSG00000113456	-0.83	6.91E-17
ENSG00000173838	-3.85	7.15E-17
ENSG00000146592	2.01	1.21E-16
ENSG00000108830	2.34	1.97E-16
ENSG00000137672	-1.96	1.99E-16
ENSG00000179593	-9.6	2.41E-16
ENSG00000246430	-2.06	2.49E-16
ENSG00000106976	1.75	2.85E-16
ENSG00000181061	-1.29	4.66E-16
ENSG00000169715	-2.14	5.59E-16
ENSG00000112773	1.19	5.59E-16
ENSG00000143320	1.68	1.17E-15
ENSG00000128923	-1.04	1.33E-15
ENSG00000150907	-2.29	1.89E-15
ENSG00000131871	-0.68	2.66E-15
ENSG00000103064	-1.47	2.73E-15
ENSG00000163513	-1.45	2.77E-15
ENSG00000162704	-0.89	3.06E-15
ENSG00000162426	-1.32	3.29E-15
ENSG00000187193	-3.16	5.71E-15
ENSG00000134243	-2.23	1.26E-14
ENSG00000051108	-0.75	1.34E-14
ENSG00000105516	1.68	1.46E-14
ENSG00000020577	-1.21	1.9E-14
ENSG00000167549	-2.36	1.94E-14
ENSG00000101342	-4.17	2.18E-14
ENSG00000183722	-0.69	2.5E-14
ENSG00000087448	-1.06	3.02E-14
ENSG00000135862	-0.81	3.18E-14
ENSG00000120690	-0.92	3.27E-14
ENSG00000253368	-1.97	3.44E-14
ENSG00000099860	-1.45	4.28E-14
ENSG00000145685	1.24	4.43E-14
ENSG00000157152	-3.45	4.84E-14
ENSG00000099337	-2.89	6.34E-14
ENSG00000233117	-3.5	6.52E-14
ENSG00000089041	1.96	6.9E-14
ENSG00000119139	-1.98	1.06E-13
ENSG00000173068	0.87	1.06E-13
ENSG00000103485	1.19	1.06E-13
ENSG00000049246	2.23	1.12E-13
ENSG00000130066	-1.32	1.32E-13
ENSG00000115419	-1.19	1.6E-13
ENSG00000100784	2.25	1.65E-13
ENSG00000077254	-0.9	1.66E-13
ENSG00000198795	1	1.91E-13
ENSG00000146250	2.71	2.51E-13
ENSG00000138316	2.41	2.65E-13
ENSG00000127824	1.55	4.41E-13
ENSG00000170214	-3.69	5.6E-13
ENSG00000149218	-1.96	5.66E-13
ENSG00000152332	-0.66	7.09E-13
ENSG00000157510	-1.7	9.54E-13
ENSG00000104756	-0.84	9.58E-13
ENSG00000198431	-1.55	9.58E-13
ENSG00000013293	2.81	1.07E-12
ENSG00000136999	2.59	1.08E-12
ENSG00000136877	-0.65	1.43E-12
ENSG00000087116	-0.7	1.53E-12
ENSG00000135362	-1.54	1.83E-12
ENSG00000042286	-0.71	1.86E-12
ENSG00000143891	1.1	2.1E-12
ENSG00000176771	2.2	3.58E-12
ENSG00000179820	-1.48	5.08E-12
ENSG00000185813	-1.14	7.46E-12
ENSG00000182010	1.89	8.91E-12
ENSG00000164105	-1.23	1.07E-11
ENSG00000138078	0.66	1.34E-11
ENSG00000116001	0.5	1.37E-11
ENSG00000183508	2.46	1.96E-11
ENSG00000147119	-1.54	2.17E-11
ENSG00000169744	1.31	2.24E-11
ENSG00000168234	-0.75	2.51E-11
ENSG00000134318	-0.81	2.55E-11
ENSG00000003402	-1.18	2.56E-11
ENSG00000102804	-1.2	2.7E-11
ENSG00000164291	-0.86	2.86E-11
ENSG00000131446	-0.87	3.09E-11
ENSG00000074590	-1.37	3.54E-11
ENSG00000091527	-0.77	3.8E-11
ENSG00000277443	1.18	3.84E-11
ENSG00000128342	2.5	3.84E-11
ENSG00000177614	2.47	3.86E-11
ENSG00000049323	-0.7	4.96E-11
ENSG00000163378	-1.26	5.9E-11
ENSG00000177674	-1.11	6.11E-11
ENSG00000108960	-1.64	6.47E-11
ENSG00000116132	0.77	6.64E-11
ENSG00000114745	-0.55	6.86E-11
ENSG00000067082	-1.11	7.72E-11
ENSG00000173517	-1	7.92E-11
ENSG00000197301	-2.31	7.96E-11
ENSG00000205208	1.39	1.11E-10
ENSG00000146373	-1.09	1.14E-10
ENSG00000185022	-1.29	1.29E-10
ENSG00000100626	1.04	1.33E-10
ENSG00000134294	-1.23	1.4E-10
ENSG00000196569	-2.07	1.43E-10
ENSG00000189184	0.9	1.47E-10
ENSG00000173221	-0.98	2.32E-10
ENSG00000114450	-0.98	2.39E-10
ENSG00000124151	-1.4	2.39E-10
ENSG00000196932	2.08	2.44E-10
ENSG00000164294	0.54	2.48E-10
ENSG00000012048	1.2	2.52E-10
ENSG00000122966	1.57	2.54E-10
ENSG00000100242	-1.91	2.54E-10
ENSG00000143344	1.07	2.59E-10
ENSG00000019995	-0.91	2.78E-10
ENSG00000112576	-0.93	2.9E-10
ENSG00000136478	-1.49	2.95E-10
ENSG00000182197	0.85	2.98E-10
ENSG00000126861	1.71	2.98E-10
ENSG00000164933	-0.86	3.18E-10
ENSG00000125848	2.36	3.23E-10
ENSG00000107562	1.92	3.73E-10
ENSG00000108604	-1.27	3.8E-10
ENSG00000066322	-0.53	4.25E-10
ENSG00000172465	-1.05	4.25E-10
ENSG00000165802	-0.95	4.55E-10
ENSG00000071282	-1.62	4.58E-10
ENSG00000171469	0.66	5E-10
ENSG00000148120	-1.1	5.02E-10
ENSG00000145244	-1.97	5.07E-10
ENSG00000140545	-1.12	5.43E-10
ENSG00000114853	-0.7	5.98E-10
ENSG00000126016	2.31	6.19E-10
ENSG00000163661	-2.24	6.83E-10
ENSG00000078053	-1.15	7.36E-10
ENSG00000138074	-1.22	7.47E-10
ENSG00000205978	1.16	7.47E-10
ENSG00000137801	-1.97	7.47E-10
ENSG00000105835	-1.05	7.66E-10
ENSG00000143786	1.52	8.31E-10
ENSG00000143878	-1.19	8.68E-10
ENSG00000197860	-0.8	9.25E-10
ENSG00000162643	1.58	1.01E-09
ENSG00000197321	0.52	1.09E-09
ENSG00000168917	-0.8	1.11E-09
ENSG00000172831	0.56	1.12E-09
ENSG00000172403	-1.73	1.2E-09
ENSG00000233608	-0.71	1.23E-09
ENSG00000174437	-1.39	1.38E-09
ENSG00000168610	-0.62	1.38E-09
ENSG00000009413	-1.12	1.45E-09
ENSG00000088888	-0.62	1.56E-09
ENSG00000214814	3.14	1.6E-09
ENSG00000084090	-1.27	1.75E-09
ENSG00000140807	-2.41	1.82E-09
ENSG00000008311	-1.11	1.93E-09
ENSG00000182199	0.73	2.01E-09
ENSG00000106615	-0.96	2.04E-09
ENSG00000119714	2.88	2.04E-09
ENSG00000124702	-0.61	2.17E-09
ENSG00000171793	-1.54	2.28E-09
ENSG00000114270	-1.23	2.31E-09
ENSG00000128699	-1.03	2.43E-09
ENSG00000119508	-2.11	2.89E-09
ENSG00000114670	1.24	3.1E-09
ENSG00000148848	1.84	3.42E-09
ENSG00000168994	-1.39	3.44E-09
ENSG00000141298	-1.22	3.5E-09
ENSG00000169750	-1.45	3.75E-09
ENSG00000149792	0.54	4.06E-09
ENSG00000013297	1.71	4.21E-09
ENSG00000165272	2.99	4.27E-09
ENSG00000125503	-0.66	4.33E-09
ENSG00000136997	-0.85	4.47E-09
ENSG00000159840	-0.7	4.48E-09
ENSG00000165996	-0.95	4.68E-09
ENSG00000124496	0.83	5.1E-09
ENSG00000175130	1.14	5.22E-09
ENSG00000167641	-2.82	5.26E-09
ENSG00000083223	-1.12	5.36E-09
ENSG00000131242	2.15	5.5E-09
ENSG00000143494	3.78	5.5E-09
ENSG00000155962	1.24	5.52E-09
ENSG00000198960	0.72	5.64E-09
ENSG00000100994	-0.59	5.76E-09
ENSG00000170989	1.48	6.16E-09
ENSG00000142327	-0.6	6.99E-09
ENSG00000107968	-1.13	7.2E-09
ENSG00000136859	0.88	7.33E-09
ENSG00000243244	-1.44	7.96E-09
ENSG00000188215	-0.77	8.22E-09
ENSG00000158079	-0.94	8.51E-09
ENSG00000120162	-2.8	8.51E-09
ENSG00000196850	-1.19	8.66E-09
ENSG00000168890	-0.92	9.39E-09
ENSG00000152495	1.31	9.74E-09
ENSG00000136436	-1.15	9.86E-09
ENSG00000226950	-1.13	1.02E-08
ENSG00000093167	-0.71	1.04E-08
ENSG00000146122	-1.65	1.09E-08
ENSG00000132622	2.31	1.21E-08
ENSG00000130513	1.85	1.3E-08
ENSG00000164050	-0.79	1.55E-08
ENSG00000172349	-0.96	1.57E-08
ENSG00000112658	-0.94	1.77E-08
ENSG00000154930	-1.89	1.77E-08
ENSG00000023909	-1.25	1.86E-08
ENSG00000134531	-0.99	1.86E-08
ENSG00000116711	2.5	1.86E-08
ENSG00000164104	-1.24	1.87E-08
ENSG00000102554	-2.57	1.91E-08
ENSG00000181027	-0.63	2.15E-08
ENSG00000163251	-2.49	2.2E-08
ENSG00000154262	-1.04	2.26E-08
ENSG00000113916	-0.8	2.32E-08
ENSG00000119711	-1.23	2.36E-08
ENSG00000182718	-0.67	2.38E-08
ENSG00000128165	2.69	2.45E-08
ENSG00000168398	1.99	2.54E-08
ENSG00000117758	-0.97	2.6E-08
ENSG00000102466	-0.99	2.69E-08
ENSG00000169764	-0.89	2.96E-08
ENSG00000147130	0.58	3.06E-08
ENSG00000172939	-0.46	3.07E-08
ENSG00000226137	0.59	3.07E-08
ENSG00000134684	0.74	3.42E-08
ENSG00000164442	-1.62	3.42E-08
ENSG00000068831	-1.96	3.86E-08
ENSG00000137767	-1.03	4.04E-08
ENSG00000116962	-1.56	4.09E-08
ENSG00000102524	1.75	4.13E-08
ENSG00000167460	-0.73	4.21E-08
ENSG00000225313	-1.15	4.49E-08
ENSG00000182552	-1.09	4.55E-08
ENSG00000091136	-0.77	4.76E-08
ENSG00000100154	0.77	4.81E-08
ENSG00000198189	-0.78	4.84E-08
ENSG00000196616	-1.21	4.86E-08
ENSG00000177426	-0.92	5.13E-08
ENSG00000158716	-1.34	5.29E-08
ENSG00000033867	0.92	5.29E-08
ENSG00000196507	-1.05	5.29E-08
ENSG00000122877	3.07	5.44E-08
ENSG00000184304	-0.72	5.58E-08
ENSG00000117143	-0.65	5.65E-08
ENSG00000175197	1.05	5.67E-08
ENSG00000079691	-1.18	6.05E-08
ENSG00000173757	-0.5	6.6E-08
ENSG00000071242	-0.93	7.29E-08
ENSG00000167645	-1.14	7.34E-08
ENSG00000106617	-1.57	7.55E-08
ENSG00000137266	1.37	7.56E-08
ENSG00000113140	0.54	7.82E-08
ENSG00000140450	0.73	7.85E-08
ENSG00000077063	1.06	8.14E-08
ENSG00000075240	1.16	8.34E-08
ENSG00000072210	0.97	8.39E-08
ENSG00000152779	-4.03	8.4E-08
ENSG00000132155	-0.79	8.85E-08
ENSG00000026950	0.88	9.03E-08
ENSG00000147526	-0.89	9.2E-08
ENSG00000165507	-1.61	9.43E-08
ENSG00000261490	-1.46	1.02E-07
ENSG00000131979	-1.63	1.04E-07
ENSG00000113719	-0.74	1.04E-07
ENSG00000102984	1.59	1.08E-07
ENSG00000140105	1.33	1.12E-07
ENSG00000149289	-0.72	1.13E-07
ENSG00000261468	-2.45	1.17E-07
ENSG00000143507	1.18	1.18E-07
ENSG00000127954	-5.17	1.18E-07
ENSG00000197872	0.87	1.2E-07
ENSG00000021355	-0.58	1.23E-07
ENSG00000206538	-1.34	1.23E-07
ENSG00000109189	-0.74	1.23E-07
ENSG00000099204	-1.41	1.24E-07
ENSG00000070404	-1.83	1.27E-07
ENSG00000103381	-0.92	1.28E-07
ENSG00000137393	-2.16	1.31E-07
ENSG00000215386	1.34	1.38E-07
ENSG00000162772	-1.97	1.43E-07
ENSG00000168542	0.84	1.46E-07
ENSG00000008256	-1.2	1.47E-07
ENSG00000187288	-3.78	1.53E-07
ENSG00000091317	-0.63	1.64E-07
ENSG00000116704	-0.86	1.76E-07
ENSG00000096384	0.37	1.83E-07
ENSG00000138678	-1.16	1.88E-07
ENSG00000196155	1.35	1.88E-07
ENSG00000109686	-0.73	1.88E-07
ENSG00000166526	0.58	1.89E-07
ENSG00000125430	-0.98	1.89E-07
ENSG00000129467	1.63	2.12E-07
ENSG00000159423	-0.93	2.25E-07
ENSG00000184575	0.59	2.54E-07
ENSG00000135679	0.56	2.6E-07
ENSG00000166825	-1.08	2.64E-07
ENSG00000067798	-2.25	2.65E-07
ENSG00000109881	1.28	2.65E-07
ENSG00000236104	0.64	2.65E-07
ENSG00000163399	-0.4	2.68E-07
ENSG00000168621	-1.81	2.68E-07
ENSG00000093144	-0.73	2.73E-07
ENSG00000196372	-0.88	2.75E-07
ENSG00000154310	1.12	2.93E-07
ENSG00000085377	-0.55	2.93E-07
ENSG00000104047	0.54	2.93E-07
ENSG00000174099	-0.73	2.94E-07
ENSG00000178425	0.73	2.96E-07
ENSG00000111859	-1.66	2.97E-07
ENSG00000122035	-2.37	3.13E-07
ENSG00000170365	0.88	3.13E-07
ENSG00000109625	1.86	3.17E-07
ENSG00000113580	0.99	3.17E-07
ENSG00000136830	-0.66	3.21E-07
ENSG00000080200	0.64	3.27E-07
ENSG00000136560	-0.53	3.34E-07
ENSG00000165030	-1.15	3.41E-07
ENSG00000132530	1.05	3.48E-07
ENSG00000170759	-0.58	3.68E-07
ENSG00000145675	-1.63	3.77E-07
ENSG00000067445	0.74	4.02E-07
ENSG00000185716	-0.87	4.17E-07
ENSG00000196476	1.04	4.23E-07
ENSG00000074047	0.89	4.24E-07
ENSG00000136383	-3.03	4.29E-07
ENSG00000114019	-0.91	4.38E-07
ENSG00000188706	-0.76	4.56E-07
ENSG00000144746	-0.5	4.61E-07
ENSG00000161813	-0.81	4.68E-07
ENSG00000160712	-0.65	4.76E-07
ENSG00000031698	0.53	4.91E-07
ENSG00000160446	-0.89	5.15E-07
ENSG00000109689	1.01	5.17E-07
ENSG00000198369	-0.64	5.24E-07
ENSG00000214548	0.54	5.45E-07
ENSG00000124440	-2.58	5.55E-07
ENSG00000214944	-1.08	5.57E-07
ENSG00000133943	0.88	5.57E-07
ENSG00000118507	-1.08	5.6E-07
ENSG00000111450	-0.65	5.63E-07
ENSG00000158292	0.91	5.72E-07
ENSG00000134363	1.78	5.85E-07
ENSG00000123689	2.68	5.88E-07
ENSG00000235513	2.18	6.02E-07
ENSG00000157368	2.13	6.31E-07
ENSG00000165821	0.8	6.34E-07
ENSG00000147100	0.47	6.43E-07
ENSG00000205364	-2.4	6.63E-07
ENSG00000111231	-0.74	6.69E-07
ENSG00000183726	-0.69	6.78E-07
ENSG00000171132	1.18	7.04E-07
ENSG00000108256	-0.39	7.18E-07
ENSG00000101608	-0.85	7.18E-07
ENSG00000221968	-1	7.77E-07
ENSG00000133069	1.05	7.94E-07
ENSG00000186594	-0.8	8.08E-07
ENSG00000168556	-1.29	8.5E-07
ENSG00000167552	1.27	8.5E-07
ENSG00000267339	4.53	8.62E-07
ENSG00000154767	0.55	8.69E-07
ENSG00000198833	-0.43	8.73E-07
ENSG00000087266	0.8	8.84E-07
ENSG00000126878	2.71	8.84E-07
ENSG00000106524	0.65	8.98E-07
ENSG00000118257	-1.05	9.05E-07
ENSG00000162664	0.48	9.17E-07
ENSG00000153207	-1.29	1.05E-06
ENSG00000169855	1.13	1.05E-06
ENSG00000070669	0.96	1.1E-06
ENSG00000161267	-1.46	1.11E-06
ENSG00000049759	1.07	1.12E-06
ENSG00000107338	0.99	1.12E-06
ENSG00000198736	-0.69	1.13E-06
ENSG00000065809	1.01	1.13E-06
ENSG00000070808	2.22	1.15E-06
ENSG00000145362	1	1.24E-06
ENSG00000213639	-1.07	1.26E-06
ENSG00000168481	-4.86	1.26E-06
ENSG00000075213	1.22	1.27E-06
ENSG00000094916	0.56	1.33E-06
ENSG00000073712	-0.63	1.33E-06
ENSG00000272870	-1.06	1.35E-06
ENSG00000198517	-0.71	1.4E-06
ENSG00000064309	1.64	1.44E-06
ENSG00000092969	1.69	1.46E-06
ENSG00000177570	2	1.47E-06
ENSG00000108950	-1.09	1.47E-06
ENSG00000144724	-0.92	1.49E-06
ENSG00000247311	-2.66	1.49E-06
ENSG00000083290	-1.18	1.51E-06
ENSG00000169908	-1.16	1.54E-06
ENSG00000181192	-0.76	1.61E-06
ENSG00000171492	0.76	1.62E-06
ENSG00000136237	-2.77	1.67E-06
ENSG00000101290	-0.75	1.71E-06
ENSG00000011198	-1.09	1.72E-06
ENSG00000008130	-0.8	1.72E-06
ENSG00000151917	0.65	1.73E-06
ENSG00000149633	1.5	1.75E-06
ENSG00000143384	-0.6	1.78E-06
ENSG00000100592	1	1.82E-06
ENSG00000151612	0.53	1.82E-06
ENSG00000167191	-1.87	1.85E-06
ENSG00000084764	0.77	1.9E-06
ENSG00000081377	-0.85	1.91E-06
ENSG00000137872	1.32	1.94E-06
ENSG00000163083	-3.65	1.95E-06
ENSG00000242265	0.96	2.03E-06
ENSG00000109654	0.86	2.14E-06
ENSG00000138604	-0.93	2.16E-06
ENSG00000187498	-1.34	2.24E-06
ENSG00000160408	-0.4	2.33E-06
ENSG00000126705	0.65	2.33E-06
ENSG00000131386	-1.55	2.44E-06
ENSG00000167771	1.38	2.45E-06
ENSG00000156931	0.49	2.54E-06
ENSG00000147576	-1.49	2.54E-06
ENSG00000126950	1.64	2.54E-06
ENSG00000128309	-1	2.57E-06
ENSG00000261685	-2.32	2.61E-06
ENSG00000129484	0.78	2.62E-06
ENSG00000142871	-1.82	2.65E-06
ENSG00000126561	-0.58	2.68E-06
ENSG00000115993	-0.93	2.8E-06
ENSG00000197045	-0.63	2.9E-06
ENSG00000196715	-0.72	2.93E-06
ENSG00000163171	-1.51	2.93E-06
ENSG00000120526	-0.64	2.93E-06
ENSG00000197312	-1.05	2.98E-06
ENSG00000174136	0.99	3.07E-06
ENSG00000172667	0.47	3.08E-06
ENSG00000136235	0.41	3.12E-06
ENSG00000122786	-0.82	3.12E-06
ENSG00000206052	1.14	3.15E-06
ENSG00000164330	-1.13	3.16E-06
ENSG00000205213	1.11	3.21E-06
ENSG00000189007	1.09	3.22E-06
ENSG00000115841	-0.78	3.24E-06
ENSG00000174697	-3.2	3.27E-06
ENSG00000267669	-1.5	3.27E-06
ENSG00000167992	1.52	3.31E-06
ENSG00000108468	0.47	3.31E-06
ENSG00000196152	0.78	3.42E-06
ENSG00000131370	1.02	3.44E-06
ENSG00000130311	-0.52	3.47E-06
ENSG00000164070	1.29	3.48E-06
ENSG00000123213	-0.82	3.52E-06
ENSG00000116649	-0.78	3.55E-06
ENSG00000147883	1.48	3.56E-06
ENSG00000071127	-0.85	3.8E-06
ENSG00000166979	-1.35	3.8E-06
ENSG00000161011	0.73	4.06E-06
ENSG00000092621	1.43	4.23E-06
ENSG00000196950	1.22	4.23E-06
ENSG00000225697	-0.9	4.24E-06
ENSG00000169218	-1.37	4.27E-06
ENSG00000067900	-0.57	4.27E-06
ENSG00000119772	0.58	4.34E-06
ENSG00000170791	-0.72	4.34E-06
ENSG00000123610	2.52	4.35E-06
ENSG00000165915	-0.62	4.35E-06
ENSG00000189266	-0.43	4.38E-06
ENSG00000044090	0.51	4.4E-06
ENSG00000078699	0.57	4.66E-06
ENSG00000111728	1.5	4.74E-06
ENSG00000076513	-0.69	4.74E-06
ENSG00000100266	-0.57	4.74E-06
ENSG00000196639	0.68	4.94E-06
ENSG00000166341	0.69	4.94E-06
ENSG00000069020	0.75	5.08E-06
ENSG00000115091	-0.58	5.38E-06
ENSG00000158301	0.86	5.46E-06
ENSG00000183963	0.92	5.51E-06
ENSG00000105711	1.27	5.69E-06
ENSG00000085415	-0.68	5.75E-06
ENSG00000188042	0.8	5.84E-06
ENSG00000075420	-0.71	5.86E-06
ENSG00000168077	0.6	5.9E-06
ENSG00000111801	0.78	6.2E-06
ENSG00000127324	-4.39	6.32E-06
ENSG00000095637	-1.95	6.34E-06
ENSG00000243742	2.3	6.62E-06
ENSG00000164305	-0.73	6.72E-06
ENSG00000065526	-0.67	6.79E-06
ENSG00000154736	-2.13	6.98E-06
ENSG00000171877	1.31	7.12E-06
ENSG00000114767	-0.93	7.17E-06
ENSG00000173918	-1.24	7.6E-06
ENSG00000137076	-0.56	7.64E-06
ENSG00000214274	-1.12	7.78E-06
ENSG00000138073	-1.12	7.87E-06
ENSG00000113657	0.61	8.29E-06
ENSG00000097096	-1.31	8.31E-06
ENSG00000051620	-0.41	8.34E-06
ENSG00000183049	0.78	8.42E-06
ENSG00000142875	0.59	8.55E-06
ENSG00000270885	-1.56	8.6E-06
ENSG00000198925	-0.39	8.71E-06
ENSG00000134851	-0.62	8.9E-06
ENSG00000159023	1.04	9.08E-06
ENSG00000138166	-1.28	9.56E-06
ENSG00000101825	1.35	9.59E-06
ENSG00000168646	-1.18	9.65E-06
ENSG00000137343	0.78	9.72E-06
ENSG00000176293	1.15	9.82E-06
ENSG00000138735	1.16	9.85E-06
ENSG00000169271	-2.37	9.89E-06
ENSG00000074935	0.71	0.00001
ENSG00000070882	1.1	0.00001
ENSG00000100292	1.34	1.01E-05
ENSG00000123411	0.65	1.01E-05
ENSG00000205765	-0.41	1.06E-05
ENSG00000166484	-0.83	1.06E-05
ENSG00000179222	0.65	1.07E-05
ENSG00000134769	0.88	1.08E-05
ENSG00000168461	-0.96	1.09E-05
ENSG00000254726	1.99	1.1E-05
ENSG00000140682	-0.63	1.13E-05
ENSG00000170584	-0.59	1.15E-05
ENSG00000128989	-0.34	1.16E-05
ENSG00000141469	3.86	1.2E-05
ENSG00000181634	2.58	1.23E-05
ENSG00000112936	-3.21	1.24E-05
ENSG00000144827	0.62	1.26E-05
ENSG00000181830	-0.61	1.26E-05
ENSG00000123643	-0.76	1.27E-05
ENSG00000176971	-1.26	1.27E-05
ENSG00000138468	0.75	1.28E-05
ENSG00000102221	0.9	1.28E-05
ENSG00000162878	-1.54	1.32E-05
ENSG00000111816	1.14	1.32E-05
ENSG00000150593	0.6	1.32E-05
ENSG00000123094	-0.87	1.32E-05
ENSG00000124226	0.46	1.33E-05
ENSG00000084710	2.69	1.35E-05
ENSG00000166592	1.52	1.37E-05
ENSG00000113460	-1	1.39E-05
ENSG00000064115	-0.83	1.41E-05
ENSG00000139567	-0.85	1.44E-05
ENSG00000011485	-0.56	1.44E-05
ENSG00000275066	0.52	1.46E-05
ENSG00000017797	-0.55	1.46E-05
ENSG00000169504	-0.78	1.49E-05
ENSG00000115963	0.75	1.49E-05
ENSG00000235109	1.76	1.55E-05
ENSG00000141574	0.69	1.56E-05
ENSG00000213160	-1.63	1.56E-05
ENSG00000170315	0.39	1.57E-05
ENSG00000064666	-0.78	1.57E-05
ENSG00000165633	-0.62	1.57E-05
ENSG00000104687	-0.8	1.63E-05
ENSG00000105137	-0.53	1.69E-05
ENSG00000166272	-0.7	1.69E-05
ENSG00000105643	-0.76	1.71E-05
ENSG00000146411	0.92	1.76E-05
ENSG00000171617	1.21	1.77E-05
ENSG00000131080	0.94	1.78E-05
ENSG00000162407	1.01	1.81E-05
ENSG00000168303	-0.74	1.81E-05
ENSG00000073792	-0.78	1.82E-05
ENSG00000188312	1.31	1.82E-05
ENSG00000241399	-1.7	1.83E-05
ENSG00000169692	-0.63	1.87E-05
ENSG00000174680	-3.07	1.88E-05
ENSG00000101004	0.57	1.9E-05
ENSG00000100739	1.75	1.92E-05
ENSG00000140443	-0.56	1.92E-05
ENSG00000100116	-0.77	1.92E-05
ENSG00000003096	0.92	1.92E-05
ENSG00000170921	-0.59	1.96E-05
ENSG00000100360	0.47	2.06E-05
ENSG00000230417	1.49	2.14E-05
ENSG00000143771	-0.53	2.18E-05
ENSG00000143570	-0.32	2.19E-05
ENSG00000154102	1.03	2.22E-05
ENSG00000166260	-1.05	2.23E-05
ENSG00000131459	-1.31	2.25E-05
ENSG00000086062	0.6	2.27E-05
ENSG00000072571	-1.49	2.32E-05
ENSG00000230018	-2.41	2.32E-05
ENSG00000135678	-1.47	2.33E-05
ENSG00000103647	1.27	2.35E-05
ENSG00000166793	1.25	2.42E-05
ENSG00000165533	0.57	2.43E-05
ENSG00000078124	-0.85	2.48E-05
ENSG00000107882	0.49	2.49E-05
ENSG00000180891	-0.55	2.53E-05
ENSG00000123405	2.79	2.56E-05
ENSG00000135070	-0.52	2.6E-05
ENSG00000048740	-0.94	2.64E-05
ENSG00000144228	-0.5	2.67E-05
ENSG00000160460	1.09	2.71E-05
ENSG00000116991	2.72	2.78E-05
ENSG00000110057	-0.7	2.85E-05
ENSG00000244462	-0.63	2.85E-05
ENSG00000155008	-0.88	2.86E-05
ENSG00000162694	0.4	2.9E-05
ENSG00000116675	-2.11	2.96E-05
ENSG00000143322	-0.53	3E-05
ENSG00000181852	-0.51	3E-05
ENSG00000153006	-0.47	3.02E-05
ENSG00000099194	1.99	3.11E-05
ENSG00000106333	0.62	3.2E-05
ENSG00000101955	-0.93	3.23E-05
ENSG00000115884	0.84	3.24E-05
ENSG00000131236	-0.52	3.26E-05
ENSG00000116194	-2.03	3.29E-05
ENSG00000274370	1.18	3.39E-05
ENSG00000206560	-0.65	3.39E-05
ENSG00000155827	0.36	3.45E-05
ENSG00000198585	-0.66	3.46E-05
ENSG00000153066	-0.53	3.48E-05
ENSG00000185222	-0.67	3.51E-05
ENSG00000159720	0.37	3.54E-05
ENSG00000143127	-3.72	3.55E-05
ENSG00000123358	-1.27	3.56E-05
ENSG00000185219	0.46	3.64E-05
ENSG00000135446	0.77	3.64E-05
ENSG00000141522	-0.45	3.71E-05
ENSG00000171862	0.38	3.78E-05
ENSG00000182580	1.45	3.86E-05
ENSG00000176531	0.84	3.91E-05
ENSG00000135048	-0.91	3.94E-05
ENSG00000162630	-2.84	4.03E-05
ENSG00000184307	-1.7	4.06E-05
ENSG00000081052	-1.98	4.07E-05
ENSG00000125965	1.29	4.07E-05
ENSG00000175538	1.2	4.17E-05
ENSG00000130224	-0.76	4.25E-05
ENSG00000143740	0.44	4.26E-05
ENSG00000103175	-1.72	4.31E-05
ENSG00000173611	0.53	4.32E-05
ENSG00000082458	0.65	4.36E-05
ENSG00000105552	-0.77	4.38E-05
ENSG00000267480	-2.4	4.43E-05
ENSG00000130766	0.92	4.46E-05
ENSG00000170485	-1.15	4.49E-05
ENSG00000121879	-0.56	4.53E-05
ENSG00000246763	1.47	4.95E-05
ENSG00000062716	-0.54	5E-05
ENSG00000183621	-0.7	5.02E-05
ENSG00000137959	-1.76	5.04E-05
ENSG00000133641	-0.6	5.2E-05
ENSG00000145687	0.7	5.24E-05
ENSG00000163719	-0.53	5.38E-05
ENSG00000163069	-0.51	5.38E-05
ENSG00000240859	-1.23	5.45E-05
ENSG00000143106	-0.47	5.53E-05
ENSG00000106571	0.51	5.87E-05
ENSG00000205659	-0.71	5.91E-05
ENSG00000176371	1.01	5.94E-05
ENSG00000253276	-1.1	6.08E-05
ENSG00000134987	0.73	6.14E-05
ENSG00000079462	0.99	6.24E-05
ENSG00000181826	-0.97	6.29E-05
ENSG00000155893	0.86	6.32E-05
ENSG00000010017	-0.74	6.41E-05
ENSG00000177575	-4.4	6.41E-05
ENSG00000129038	0.52	6.41E-05
ENSG00000155897	3.94	6.5E-05
ENSG00000176390	-0.81	6.68E-05
ENSG00000075624	-0.91	6.7E-05
ENSG00000159212	-1.05	6.81E-05
ENSG00000120942	-0.7	6.84E-05
ENSG00000178015	-2.55	7.01E-05
ENSG00000115084	-0.72	7.06E-05
ENSG00000105486	0.99	7.06E-05
ENSG00000089123	-0.72	7.07E-05
ENSG00000179300	-3.01	7.14E-05
ENSG00000126062	-0.39	7.18E-05
ENSG00000138356	-1.46	7.26E-05
ENSG00000172985	-0.89	7.32E-05
ENSG00000170802	-0.91	7.33E-05
ENSG00000151690	-1.04	7.38E-05
ENSG00000138669	1.62	7.41E-05
ENSG00000106086	-0.68	7.42E-05
ENSG00000171792	0.58	7.43E-05
ENSG00000130479	-0.52	7.48E-05
ENSG00000205352	-0.46	7.5E-05
ENSG00000068383	-1.38	7.53E-05
ENSG00000173914	0.57	7.53E-05
ENSG00000114021	-0.47	7.55E-05
ENSG00000110900	1.49	7.77E-05
ENSG00000104936	-0.81	7.77E-05
ENSG00000133216	1.74	7.82E-05
ENSG00000182809	-0.66	7.84E-05
ENSG00000169031	-2.07	7.85E-05
ENSG00000117461	1.67	7.85E-05
ENSG00000128285	5.34	7.85E-05
ENSG00000166974	0.87	7.86E-05
ENSG00000102760	-3.17	7.9E-05
ENSG00000130402	-0.81	7.9E-05
ENSG00000011566	-0.82	7.91E-05
ENSG00000187079	-0.73	8.04E-05
ENSG00000136141	0.62	8.08E-05
ENSG00000181827	0.55	8.09E-05
ENSG00000270504	-0.75	8.32E-05
ENSG00000187446	-0.46	8.41E-05
ENSG00000112715	1.18	8.51E-05
ENSG00000176225	0.68	8.59E-05
ENSG00000197121	0.6	8.65E-05
ENSG00000136238	-0.35	8.66E-05
ENSG00000211448	-1.55	8.69E-05
ENSG00000173947	1.24	8.7E-05
ENSG00000168092	-0.49	8.77E-05
ENSG00000107104	-1.22	8.89E-05
ENSG00000134046	-0.54	9.01E-05
ENSG00000151332	0.48	9.08E-05
ENSG00000177409	0.58	9.22E-05
ENSG00000085719	-0.42	9.53E-05
ENSG00000138658	0.98	9.53E-05
ENSG00000110090	-0.73	9.53E-05
ENSG00000197217	-0.59	9.61E-05
ENSG00000156239	0.73	9.81E-05
ENSG00000061273	-0.59	0.000103187
ENSG00000109775	0.49	0.000103888
ENSG00000129048	1.45	0.000104792
ENSG00000163659	-0.59	0.00010518
ENSG00000107611	1.53	0.000105404
ENSG00000085117	-1.25	0.000105404
ENSG00000155975	-0.49	0.000106696
ENSG00000211455	-0.61	0.000107841
ENSG00000064933	-0.53	0.0001097
ENSG00000134871	-0.9	0.000110172
ENSG00000124422	0.34	0.000112015
ENSG00000032742	0.65	0.000113603
ENSG00000151779	0.36	0.000116128
ENSG00000092841	-0.68	0.000117419
ENSG00000164048	0.6	0.0001184
ENSG00000139354	1.13	0.000118731
ENSG00000186918	-0.78	0.000118849
ENSG00000169926	-0.91	0.000118849
ENSG00000152518	-0.64	0.0001195
ENSG00000188176	3.08	0.00012058
ENSG00000110237	-0.39	0.000120925
ENSG00000147140	0.38	0.000121034
ENSG00000158747	-0.88	0.000123361
ENSG00000104964	-0.38	0.000123361
ENSG00000196230	1.16	0.000126328
ENSG00000176974	-0.97	0.000127328
ENSG00000154263	1.41	0.00012792
ENSG00000135472	1.64	0.000129937
ENSG00000137965	0.81	0.000130488
ENSG00000082146	-0.88	0.000130488
ENSG00000169093	-0.48	0.000130841
ENSG00000166963	0.75	0.000132358
ENSG00000143869	-1.85	0.000132385
ENSG00000167797	-0.84	0.000133448
ENSG00000233901	0.96	0.000134186
ENSG00000165495	2.46	0.000134671
ENSG00000219481	0.89	0.000136615
ENSG00000139291	-0.71	0.000139177
ENSG00000134056	-0.53	0.000139801
ENSG00000152463	-3.92	0.000140761
ENSG00000125676	-0.67	0.00014448
ENSG00000156671	-0.61	0.000145562
ENSG00000139269	1.9	0.000145562
ENSG00000166401	-0.64	0.000145998
ENSG00000135414	0.46	0.000146025
ENSG00000245812	-1.47	0.000146092
ENSG00000164292	-1.05	0.000146935
ENSG00000163431	-1.15	0.000149233
ENSG00000112290	-0.53	0.000149233
ENSG00000206527	-0.62	0.000149938
ENSG00000141458	-0.86	0.000150852
ENSG00000136379	-0.61	0.000150994
ENSG00000164171	1.03	0.000151867
ENSG00000280143	-1.87	0.000155177
ENSG00000146247	0.46	0.000158341
ENSG00000116679	0.77	0.000160698
ENSG00000185745	1.59	0.000161088
ENSG00000205581	0.57	0.000162344
ENSG00000164761	1.53	0.000165432
ENSG00000106003	2.67	0.000166969
ENSG00000163803	-1.49	0.000167288
ENSG00000196411	0.93	0.00016764
ENSG00000197586	-0.41	0.00016764
ENSG00000172296	0.82	0.000167698
ENSG00000139624	-0.48	0.000170317
ENSG00000110400	0.89	0.000172704
ENSG00000100206	-1.89	0.000173413
ENSG00000160145	1.57	0.000174015
ENSG00000197442	-0.71	0.000174313
ENSG00000070540	-0.91	0.000176656
ENSG00000130529	-0.74	0.000177197
ENSG00000016391	2.02	0.000178385
ENSG00000088766	-0.58	0.000178693
ENSG00000135749	0.6	0.000179152
ENSG00000158122	-0.85	0.000180435
ENSG00000154127	-1.13	0.00018094
ENSG00000101460	-0.58	0.000183054
ENSG00000083097	0.61	0.000185152
ENSG00000230733	-0.54	0.000185152
ENSG00000057252	-0.67	0.000188003
ENSG00000139173	0.64	0.000190961
ENSG00000101558	-0.5	0.000192752
ENSG00000105419	-0.7	0.000195021
ENSG00000187109	-0.46	0.000195618
ENSG00000161381	1.23	0.000196202
ENSG00000149212	0.54	0.000197485
ENSG00000168309	-4.73	0.000199852
ENSG00000198728	0.54	0.000206835
ENSG00000184156	-2.51	0.000207417
ENSG00000179388	1.87	0.000209846
ENSG00000171608	-0.81	0.00021536
ENSG00000074319	-0.41	0.000217356
ENSG00000124762	1.01	0.000218377
ENSG00000061337	1.01	0.000220289
ENSG00000277196	-5.32	0.000220289
ENSG00000151929	-0.41	0.000228003
ENSG00000149577	-0.76	0.000228997
ENSG00000149256	1.43	0.000235814
ENSG00000148468	0.68	0.000241443
ENSG00000146281	-0.59	0.00024184
ENSG00000154945	-0.35	0.00024184
ENSG00000203722	1.06	0.000242558
ENSG00000278727	1.82	0.000242558
ENSG00000165891	1.54	0.00024386
ENSG00000165895	1.32	0.000245175
ENSG00000177469	-0.64	0.000245924
ENSG00000179295	-0.5	0.000246026
ENSG00000119541	-0.37	0.000246026
ENSG00000147027	-1.15	0.000246621
ENSG00000100354	0.34	0.000252313
ENSG00000019991	0.97	0.000254397
ENSG00000170624	1.19	0.000254985
ENSG00000067113	0.93	0.000256123
ENSG00000074219	0.72	0.000257193
ENSG00000158813	-1.53	0.000257307
ENSG00000058085	-0.91	0.000257924
ENSG00000102996	-1.26	0.00026046
ENSG00000280551	-3.38	0.000264578
ENSG00000157216	-0.78	0.000267237
ENSG00000182670	0.54	0.000268737
ENSG00000254470	-0.74	0.000269688
ENSG00000133794	-0.72	0.000272391
ENSG00000025423	2.18	0.000276367
ENSG00000186073	0.67	0.000280208
ENSG00000184564	2.97	0.00028126
ENSG00000165801	0.89	0.000282346
ENSG00000152601	-0.87	0.000283955
ENSG00000125868	-0.92	0.000287119
ENSG00000163430	-0.92	0.000289367
ENSG00000100092	0.96	0.000289367
ENSG00000182916	0.52	0.000289367
ENSG00000198793	-0.69	0.000295685
ENSG00000129116	-0.87	0.000301933
ENSG00000170899	0.76	0.000302364
ENSG00000261801	0.68	0.000302364
ENSG00000109861	-1.01	0.000311936
ENSG00000135604	-2.52	0.000316571
ENSG00000175482	-0.69	0.000316848
ENSG00000035403	-0.84	0.000318203
ENSG00000109339	0.74	0.000319118
ENSG00000127947	-0.4	0.000322799
ENSG00000144362	-1.45	0.000326793
ENSG00000083720	-0.7	0.000326793
ENSG00000156232	-0.55	0.00033225
ENSG00000057657	-1.25	0.000333231
ENSG00000114698	-0.54	0.00033688
ENSG00000101384	0.54	0.00033688
ENSG00000173110	2.86	0.000338482
ENSG00000155324	-1.3	0.000340366
ENSG00000090861	0.59	0.000340427
ENSG00000096968	-0.82	0.000341168
ENSG00000131844	-0.45	0.000341968
ENSG00000123908	-0.68	0.000348393
ENSG00000111885	-0.82	0.000351027
ENSG00000142227	0.6	0.000353325
ENSG00000100647	-0.66	0.000355523
ENSG00000196526	0.6	0.000359016
ENSG00000177706	-0.95	0.000359016
ENSG00000137962	-1.2	0.000364064
ENSG00000145901	-0.57	0.000366152
ENSG00000019186	4.43	0.000368028
ENSG00000164402	0.35	0.000370943
ENSG00000123352	0.59	0.000371557
ENSG00000073146	0.94	0.000371557
ENSG00000135069	1.26	0.000374049
ENSG00000189320	-0.79	0.000378097
ENSG00000010256	-0.47	0.000380483
ENSG00000183723	-0.82	0.000380483
ENSG00000156804	-1.11	0.000383303
ENSG00000064687	0.81	0.000383303
ENSG00000110628	-0.71	0.000385519
ENSG00000139946	0.67	0.000385519
ENSG00000260549	-0.92	0.000385519
ENSG00000186575	-1.04	0.000394859
ENSG00000148110	-0.39	0.000402993
ENSG00000198932	0.99	0.000403181
ENSG00000254254	-1.49	0.000405599
ENSG00000138615	-1.37	0.000405599
ENSG00000171456	-0.31	0.000405599
ENSG00000159216	-0.49	0.000407256
ENSG00000148908	0.62	0.000409461
ENSG00000185262	-0.9	0.00040959
ENSG00000122970	-0.55	0.000419343
ENSG00000105281	-0.41	0.000419538
ENSG00000162944	0.82	0.000425121
ENSG00000153443	-0.64	0.000430341
ENSG00000103404	-0.54	0.000434446
ENSG00000161682	0.93	0.000434446
ENSG00000184009	-0.61	0.000434446
ENSG00000131437	0.61	0.000435188
ENSG00000224531	-0.58	0.000435188
ENSG00000154217	-0.89	0.000435624
ENSG00000100302	1.95	0.000441027
ENSG00000179862	-1.45	0.000446912
ENSG00000249364	-5.14	0.000448538
ENSG00000102385	1.07	0.000448538
ENSG00000164619	1.47	0.000449376
ENSG00000163812	-0.5	0.000452891
ENSG00000138686	-0.48	0.000452891
ENSG00000132518	-5.61	0.000469608
ENSG00000100906	-0.82	0.000471521
ENSG00000145604	-0.93	0.000473574
ENSG00000168214	0.66	0.000480506
ENSG00000247746	0.97	0.000490658
ENSG00000166347	-0.59	0.000493694
ENSG00000112078	-0.58	0.000493798
ENSG00000138802	-0.49	0.00049396
ENSG00000139793	-0.52	0.000500824
ENSG00000168792	-0.67	0.000507371
ENSG00000114850	-0.4	0.000507374
ENSG00000178764	0.66	0.000511502
ENSG00000183496	1.63	0.000511502
ENSG00000168811	1.95	0.000511673
ENSG00000172260	-1.47	0.000515712
ENSG00000119673	-0.71	0.000518803
ENSG00000169410	-0.39	0.000519295
ENSG00000151065	0.49	0.000519567
ENSG00000064393	-0.6	0.000522459
ENSG00000171604	0.58	0.00052285
ENSG00000123685	-1.93	0.000524801
ENSG00000175741	-1.23	0.000536117
ENSG00000118454	-0.34	0.00054115
ENSG00000034713	-0.37	0.000545045
ENSG00000135503	-0.33	0.000545419
ENSG00000203727	1.06	0.000546225
ENSG00000117122	0.65	0.000547134
ENSG00000175489	3.23	0.000551297
ENSG00000109736	-0.5	0.000551752
ENSG00000206190	-1.29	0.00055736
ENSG00000171819	-5.79	0.000559977
ENSG00000107731	1.03	0.000563641
ENSG00000133816	-1.12	0.000565402
ENSG00000102780	-0.79	0.000565538
ENSG00000138135	1.56	0.000566721
ENSG00000079432	0.46	0.000571866
ENSG00000164237	0.88	0.000578369
ENSG00000132740	-0.6	0.00058106
ENSG00000126458	-0.58	0.000587287
ENSG00000224945	-0.86	0.000589926
ENSG00000188916	-2.5	0.000590239
ENSG00000113552	0.58	0.00060323
ENSG00000140455	0.49	0.000605795
ENSG00000035115	0.47	0.000606102
ENSG00000165195	-0.89	0.000619463
ENSG00000197771	-0.45	0.000619631
ENSG00000185344	-0.48	0.000621866
ENSG00000121753	0.66	0.000626146
ENSG00000011478	-0.68	0.000626146
ENSG00000221829	0.91	0.000626916
ENSG00000171509	1.92	0.000632364
ENSG00000114650	-0.35	0.000633093
ENSG00000107929	-0.6	0.00064863
ENSG00000118503	-0.56	0.000648932
ENSG00000104388	-0.42	0.00067836
ENSG00000163879	0.51	0.000694419
ENSG00000070388	-2.55	0.000694419
ENSG00000145632	1.03	0.000698741
ENSG00000184898	0.7	0.000702336
ENSG00000185112	-1.24	0.000702336
ENSG00000198521	0.57	0.000703026
ENSG00000126860	1.5	0.000707128
ENSG00000153904	-1.29	0.000715749
ENSG00000135090	-0.37	0.000717094
ENSG00000132646	0.65	0.000717094
ENSG00000196810	0.46	0.000717462
ENSG00000204371	0.5	0.000718607
ENSG00000175946	-1.05	0.000724007
ENSG00000135926	-0.54	0.00072774
ENSG00000060138	-0.5	0.00072774
ENSG00000129566	-0.41	0.00072774
ENSG00000107796	-1.17	0.000727923
ENSG00000174944	-1.55	0.000729571
ENSG00000148400	0.77	0.000731223
ENSG00000011347	0.92	0.000736599
ENSG00000165644	-1.01	0.000740236
ENSG00000143761	-0.31	0.0007506
ENSG00000204576	0.55	0.000750807
ENSG00000183801	1	0.000750807
ENSG00000204366	0.89	0.000764438
ENSG00000134333	-0.92	0.000777483
ENSG00000038274	-0.52	0.000779708
ENSG00000157617	-1.13	0.000787362
ENSG00000156675	-1.49	0.000792884
ENSG00000104313	0.94	0.000793945
ENSG00000101255	1.11	0.000793945
ENSG00000170836	0.62	0.000812887
ENSG00000109685	0.35	0.000824246
ENSG00000185215	0.86	0.000832249
ENSG00000155269	2.39	0.000836045
ENSG00000272341	1.47	0.000848609
ENSG00000154319	-0.99	0.000848609
ENSG00000075391	-0.54	0.000852198
ENSG00000121210	0.6	0.000853723
ENSG00000125970	0.44	0.000853723
ENSG00000156050	0.76	0.000858229
ENSG00000182621	0.76	0.000858229
ENSG00000147459	-0.76	0.000861177
ENSG00000203709	-0.71	0.00086628
ENSG00000182836	-3.31	0.000869785
ENSG00000213462	0.59	0.000890042
ENSG00000065882	-0.57	0.000897279
ENSG00000104093	0.48	0.000897279
ENSG00000185551	-0.8	0.000901094
ENSG00000162998	-1.78	0.00090554
ENSG00000133121	-0.66	0.000906198
ENSG00000139436	-0.51	0.000906416
ENSG00000108387	-1.89	0.000906416
ENSG00000133103	0.58	0.000910008
ENSG00000080822	-0.5	0.000911377
ENSG00000121691	-0.78	0.000915794
ENSG00000012171	0.75	0.000916154
ENSG00000141867	-0.47	0.000925181
ENSG00000152642	-0.85	0.000935003
ENSG00000111371	-0.82	0.000936794
ENSG00000157483	-0.92	0.000938062
ENSG00000105855	0.47	0.00095224
ENSG00000187189	0.45	0.000956782
ENSG00000133789	-0.67	0.000961659
ENSG00000132589	-0.48	0.000963496
ENSG00000170776	-0.57	0.000965537
ENSG00000100099	0.36	0.000965537
ENSG00000213853	-0.72	0.000966262
ENSG00000025708	-1.27	0.000970047
ENSG00000096654	0.62	0.000972658
ENSG00000165637	-0.52	0.000972845
ENSG00000159842	0.46	0.000985888
ENSG00000227268	1.54	0.000997007
ENSG00000063169	-0.46	0.001001416
ENSG00000223401	-1.2	0.001010857
ENSG00000160097	1.75	0.001013987
ENSG00000074660	-1.35	0.001017473
ENSG00000148926	-0.66	0.001041851
ENSG00000118707	0.59	0.001071659
ENSG00000146409	0.74	0.001099674
ENSG00000145911	1.38	0.001109704
ENSG00000250899	-1.04	0.00111226
ENSG00000133401	-1.27	0.001130725
ENSG00000145431	0.74	0.001133044
ENSG00000198046	0.67	0.001135179
ENSG00000280832	0.82	0.001144725
ENSG00000144036	0.32	0.001152988
ENSG00000144747	-0.32	0.001153562
ENSG00000129128	-0.77	0.001153562
ENSG00000142864	-0.44	0.001174805
ENSG00000103257	1.18	0.001187838
ENSG00000072163	-1.3	0.001203678
ENSG00000128045	-4.03	0.001208696
ENSG00000185252	0.81	0.001208696
ENSG00000117868	-0.55	0.001210956
ENSG00000182704	-0.96	0.001211251
ENSG00000154813	-0.47	0.001218076
ENSG00000002834	-0.4	0.001218076
ENSG00000204262	-0.37	0.001218424
ENSG00000145569	-2.6	0.001219665
ENSG00000139687	-0.32	0.001223304
ENSG00000066697	0.61	0.001230413
ENSG00000174238	-0.38	0.001241231
ENSG00000204160	-0.37	0.001242011
ENSG00000126803	-2.56	0.001244492
ENSG00000144136	0.5	0.001259039
ENSG00000112062	-0.3	0.001266661
ENSG00000162341	-0.6	0.001266661
ENSG00000093183	-0.54	0.001272329
ENSG00000090376	-0.96	0.001272329
ENSG00000100320	0.35	0.001273356
ENSG00000116128	0.54	0.00127777
ENSG00000183454	4.29	0.001280425
ENSG00000148339	-0.45	0.00128651
ENSG00000130227	0.43	0.001298603
ENSG00000151893	-0.64	0.001298603
ENSG00000197381	-2.32	0.001310147
ENSG00000172738	1.75	0.001312445
ENSG00000103710	1.03	0.001329603
ENSG00000130517	0.55	0.001329603
ENSG00000106123	-1.33	0.001331532
ENSG00000099365	0.68	0.001333638
ENSG00000112276	-0.56	0.001352275
ENSG00000103111	-0.4	0.001358559
ENSG00000064652	-0.56	0.001361654
ENSG00000196159	-0.43	0.001364898
ENSG00000145390	-2.31	0.001368442
ENSG00000142279	-0.62	0.001368442
ENSG00000114209	-0.42	0.001369452
ENSG00000183876	1.65	0.001369452
ENSG00000055163	1	0.00137604
ENSG00000149257	0.67	0.001387263
ENSG00000136270	-0.51	0.001393978
ENSG00000028277	2.02	0.001404855
ENSG00000155508	-0.61	0.00140672
ENSG00000148219	0.81	0.001408716
ENSG00000138032	-0.79	0.001419867
ENSG00000150938	-1.06	0.001431757
ENSG00000138311	1.02	0.001449819
ENSG00000034152	-0.84	0.001462201
ENSG00000198890	0.55	0.001481233
ENSG00000153879	0.62	0.001487392
ENSG00000070610	-0.44	0.001488097
ENSG00000119523	-0.38	0.00150359
ENSG00000158467	0.72	0.001504898
ENSG00000126785	1.18	0.001510166
ENSG00000150594	2.37	0.001521749
ENSG00000048707	-0.65	0.001525553
ENSG00000171155	-0.53	0.001531241
ENSG00000168918	2.03	0.001533328
ENSG00000106211	-0.47	0.001533328
ENSG00000080815	-0.52	0.001533328
ENSG00000140564	-0.5	0.001538109
ENSG00000203685	-2.97	0.001567175
ENSG00000117280	-0.53	0.001576468
ENSG00000100600	-0.49	0.001577846
ENSG00000272841	2.05	0.001591987
ENSG00000102547	-0.54	0.001598622
ENSG00000223949	1.79	0.001610986
ENSG00000171033	1.33	0.001615312
ENSG00000134508	-0.84	0.001615863
ENSG00000104695	-0.57	0.001619115
ENSG00000213626	-1.45	0.001623451
ENSG00000114861	0.32	0.001624695
ENSG00000279649	-1.22	0.001624695
ENSG00000184743	-0.78	0.001630453
ENSG00000164985	0.46	0.00163066
ENSG00000197879	-0.53	0.001634109
ENSG00000108797	0.61	0.001634109
ENSG00000035681	0.34	0.001636508
ENSG00000168884	-0.51	0.001649494
ENSG00000109674	1.36	0.001649494
ENSG00000198668	-0.43	0.001677957
ENSG00000223764	1.72	0.001704923
ENSG00000246705	-0.88	0.00171273
ENSG00000259583	1.08	0.001736494
ENSG00000075975	-0.5	0.001739906
ENSG00000138385	-0.82	0.00174377
ENSG00000185532	0.52	0.00174377
ENSG00000122863	-0.85	0.001744245
ENSG00000117592	-0.43	0.00175176
ENSG00000137124	-1.01	0.001764512
ENSG00000125675	0.71	0.001764512
ENSG00000111206	0.67	0.001779714
ENSG00000213516	-0.56	0.001795848
ENSG00000168502	0.36	0.001817698
ENSG00000260802	-5.48	0.001827782
ENSG00000130592	3.14	0.001854176
ENSG00000178662	1.24	0.001859425
ENSG00000167106	0.92	0.001866828
ENSG00000149591	-1.32	0.001898433
ENSG00000088325	0.83	0.00190982
ENSG00000142002	-0.43	0.001942851
ENSG00000111684	-0.53	0.001945544
ENSG00000196924	-0.58	0.001960878
ENSG00000081320	-1.11	0.001965585
ENSG00000205302	0.35	0.001967466
ENSG00000135241	-0.54	0.00199293
ENSG00000073111	0.68	0.001993983
ENSG00000180957	-0.33	0.001999642
ENSG00000171824	-0.68	0.00200731
ENSG00000173418	-0.48	0.00200731
ENSG00000224468	-1.1	0.002018078
ENSG00000228526	0.6	0.002020352
ENSG00000138483	-3.5	0.002020352
ENSG00000196116	-0.47	0.002021384
ENSG00000282057	-1.64	0.002024791
ENSG00000101782	-0.54	0.002026835
ENSG00000177054	-0.58	0.002033226
ENSG00000183688	-0.78	0.002039067
ENSG00000152990	0.82	0.002061158
ENSG00000188501	2.92	0.002061158
ENSG00000108828	0.61	0.002061158
ENSG00000130635	0.57	0.002094459
ENSG00000226200	0.96	0.002094459
ENSG00000185338	1.15	0.002094459
ENSG00000172301	0.54	0.002094459
ENSG00000198121	-0.49	0.002108784
ENSG00000115828	-1.14	0.002112095
ENSG00000174695	-0.36	0.002150217
ENSG00000204406	0.42	0.002168985
ENSG00000259426	-1.65	0.002168985
ENSG00000137273	0.74	0.002169744
ENSG00000135272	-0.41	0.002189406
ENSG00000196305	0.64	0.002189406
ENSG00000224080	-2.32	0.002190205
ENSG00000187239	-0.84	0.002196767
ENSG00000101150	-0.3	0.002197381
ENSG00000157601	0.98	0.002197381
ENSG00000070081	0.45	0.002202465
ENSG00000102218	-0.52	0.002202465
ENSG00000175471	-1.76	0.002220728
ENSG00000260230	1.1	0.002220728
ENSG00000184517	0.5	0.002224682
ENSG00000105993	-0.37	0.002229366
ENSG00000135596	-0.44	0.00223435
ENSG00000132376	-0.52	0.002250705
ENSG00000100014	-0.49	0.002264032
ENSG00000144233	-0.34	0.002302104
ENSG00000273604	-1.05	0.0023124
ENSG00000271254	0.85	0.0023124
ENSG00000117500	-0.41	0.002315857
ENSG00000182551	-0.55	0.002315857
ENSG00000106462	0.93	0.002315857
ENSG00000161921	0.8	0.002315857
ENSG00000203965	0.64	0.002316555
ENSG00000145016	-0.43	0.002316555
ENSG00000006025	0.95	0.002348746
ENSG00000067167	-0.66	0.002363509
ENSG00000135541	0.49	0.002377303
ENSG00000077585	-0.55	0.002391841
ENSG00000137673	-5.15	0.002391841
ENSG00000071564	0.46	0.002401945
ENSG00000165675	-0.54	0.00242363
ENSG00000213064	-0.85	0.002425968
ENSG00000134265	-0.43	0.002425968
ENSG00000235927	-1.16	0.002429356
ENSG00000163660	-0.5	0.002429356
ENSG00000181472	0.59	0.002429356
ENSG00000130584	0.76	0.002447869
ENSG00000248187	-3.5	0.002462537
ENSG00000163818	0.47	0.002466595
ENSG00000131148	-0.37	0.002466595
ENSG00000113721	-0.38	0.002470621
ENSG00000168724	-0.49	0.002477432
ENSG00000170734	0.41	0.002480914
ENSG00000136546	-1.43	0.002493884
ENSG00000119703	1.24	0.002514149
ENSG00000166263	-0.94	0.002514149
ENSG00000149090	0.39	0.002515868
ENSG00000076716	-0.96	0.002516829
ENSG00000116455	-0.48	0.002519168
ENSG00000087086	0.65	0.002532416
ENSG00000159884	-0.93	0.002579823
ENSG00000196511	1.04	0.002588866
ENSG00000111642	0.44	0.002593314
ENSG00000070087	0.32	0.002610863
ENSG00000182446	-0.25	0.002610863
ENSG00000197905	-0.84	0.002624419
ENSG00000170542	-0.69	0.002625349
ENSG00000164692	0.43	0.002628983
ENSG00000279041	-0.86	0.002628983
ENSG00000254842	-2.85	0.002628983
ENSG00000166473	1.55	0.002628983
ENSG00000147649	-0.54	0.002643039
ENSG00000108840	-0.57	0.002679438
ENSG00000028137	-0.8	0.002680357
ENSG00000093217	0.94	0.002697188
ENSG00000007866	-0.6	0.002713476
ENSG00000122971	-0.98	0.002713476
ENSG00000171135	-0.39	0.002728368
ENSG00000145386	-0.99	0.002767969
ENSG00000060718	-2.39	0.002790878
ENSG00000004487	0.3	0.002791795
ENSG00000123612	1.43	0.002791934
ENSG00000172840	-0.63	0.002812444
ENSG00000112851	-0.39	0.002812826
ENSG00000123178	-0.7	0.002882059
ENSG00000154743	-0.5	0.002892253
ENSG00000120370	0.47	0.002900172
ENSG00000112320	0.9	0.002904936
ENSG00000114626	-0.58	0.002913796
ENSG00000185650	0.67	0.002930423
ENSG00000204991	0.76	0.002930423
ENSG00000132612	-0.32	0.002930996
ENSG00000164031	-0.33	0.002949326
ENSG00000166912	-0.73	0.002963828
ENSG00000204516	-0.49	0.002984553
ENSG00000049089	0.78	0.002985357
ENSG00000198108	-1.41	0.002991759
ENSG00000176915	-0.3	0.003008041
ENSG00000108262	-0.59	0.00301926
ENSG00000150977	-0.52	0.003023307
ENSG00000089050	0.46	0.003024908
ENSG00000164850	0.75	0.003027186
ENSG00000169359	-0.36	0.003029595
ENSG00000173706	-0.72	0.00304102
ENSG00000164754	-0.53	0.003044118
ENSG00000186198	1.64	0.003056547
ENSG00000172497	1.69	0.003071247
ENSG00000187134	-1.02	0.003072894
ENSG00000099622	0.34	0.003080033
ENSG00000091428	1.14	0.003088853
ENSG00000164506	-0.46	0.003101763
ENSG00000183287	-0.62	0.003101763
ENSG00000260852	0.61	0.003111378
ENSG00000167995	0.74	0.003118454
ENSG00000176909	1.12	0.003118454
ENSG00000066135	0.29	0.003139302
ENSG00000102580	-0.4	0.003160571
ENSG00000102900	-0.38	0.003167305
ENSG00000081087	-0.48	0.003195363
ENSG00000070718	0.45	0.003195363
ENSG00000075142	-0.49	0.003218894
ENSG00000084444	-0.55	0.003225069
ENSG00000198105	0.59	0.003242604
ENSG00000132463	-0.34	0.003254615
ENSG00000106772	-0.82	0.003254615
ENSG00000198873	-0.49	0.003254615
ENSG00000169032	-0.46	0.003254615
ENSG00000142459	0.38	0.003254615
ENSG00000188015	0.83	0.003306825
ENSG00000172081	-0.4	0.003306825
ENSG00000108700	3.68	0.003335719
ENSG00000135917	-1.4	0.003362311
ENSG00000109572	0.39	0.003362424
ENSG00000105974	-0.68	0.003375162
ENSG00000117600	2.07	0.003412606
ENSG00000172935	-0.55	0.003418475
ENSG00000189298	0.57	0.003423109
ENSG00000124104	0.79	0.003460291
ENSG00000140511	-1.37	0.003474559
ENSG00000170242	-0.48	0.003489567
ENSG00000130921	0.4	0.003489567
ENSG00000125657	1.83	0.003496195
ENSG00000110422	-0.57	0.003512659
ENSG00000154134	0.61	0.003512659
ENSG00000125398	1.25	0.003514195
ENSG00000185122	-0.41	0.003518325
ENSG00000261121	3.16	0.003520928
ENSG00000139880	0.73	0.003520956
ENSG00000105771	0.34	0.003532732
ENSG00000113810	0.49	0.003536581
ENSG00000124134	2.74	0.003541039
ENSG00000137193	0.85	0.003545336
ENSG00000128594	1.8	0.003546102
ENSG00000272168	1.62	0.003554393
ENSG00000159713	1.65	0.003577918
ENSG00000141452	-0.54	0.003577918
ENSG00000056736	1.01	0.003580233
ENSG00000148356	0.51	0.003581633
ENSG00000080493	0.79	0.003582294
ENSG00000197943	-1.77	0.003582812
ENSG00000123104	-0.88	0.003620562
ENSG00000110768	-0.38	0.003623184
ENSG00000056586	-0.37	0.003623857
ENSG00000184007	-0.26	0.003633934
ENSG00000099849	-1.26	0.003639076
ENSG00000132361	-0.48	0.003649789
ENSG00000004059	-0.37	0.003667242
ENSG00000123130	-0.42	0.003698672
ENSG00000154027	-0.97	0.00370416
ENSG00000196150	0.56	0.003724647
ENSG00000090565	-0.5	0.003751929
ENSG00000237172	0.55	0.003751929
ENSG00000068305	-0.54	0.003806048
ENSG00000168538	-0.41	0.003810807
ENSG00000134532	-0.67	0.00381776
ENSG00000120318	0.56	0.003837692
ENSG00000166579	-0.35	0.00384108
ENSG00000147202	-0.69	0.003842431
ENSG00000123342	-0.42	0.00384896
ENSG00000273259	-3.86	0.003865535
ENSG00000102935	1.15	0.003865535
ENSG00000101974	-0.37	0.003908089
ENSG00000177628	0.32	0.003911158
ENSG00000136783	-0.51	0.003933592
ENSG00000136052	0.99	0.003938814
ENSG00000017483	0.96	0.003938814
ENSG00000068784	0.57	0.003943244
ENSG00000121621	1.48	0.003951447
ENSG00000152926	0.61	0.003974663
ENSG00000165899	-1.88	0.003974663
ENSG00000132199	0.75	0.003974663
ENSG00000278029	1.9	0.003996521
ENSG00000177425	-0.95	0.003999739
ENSG00000147274	0.48	0.004038559
ENSG00000160360	0.44	0.004063481
ENSG00000186310	0.98	0.004070511
ENSG00000163788	-0.41	0.00411698
ENSG00000171603	-0.32	0.00413334
ENSG00000148719	-0.35	0.00413334
ENSG00000091262	1.08	0.004136803
ENSG00000231246	-3.29	0.004169039
ENSG00000105186	-0.39	0.004187316
ENSG00000078269	0.61	0.004194662
ENSG00000067177	-0.88	0.004197774
ENSG00000150990	-0.62	0.004213253
ENSG00000163947	0.89	0.004287995
ENSG00000095585	2.59	0.004287995
ENSG00000269289	-3.08	0.004313743
ENSG00000197062	0.53	0.004392484
ENSG00000115307	-0.38	0.004406745
ENSG00000198832	-0.25	0.004419648
ENSG00000105750	0.92	0.004420026
ENSG00000166398	-0.53	0.004426309
ENSG00000100605	-0.46	0.004441256
ENSG00000153823	-0.63	0.00444257
ENSG00000172354	-0.36	0.00444257
ENSG00000237149	0.86	0.00444257
ENSG00000175324	-0.53	0.004488458
ENSG00000015520	2.55	0.00454079
ENSG00000135823	-0.48	0.004573431
ENSG00000176845	0.56	0.004585846
ENSG00000258457	2.46	0.004610016
ENSG00000164081	-0.33	0.004639235
ENSG00000168172	-0.31	0.004639235
ENSG00000162458	-0.47	0.004642283
ENSG00000006607	-0.6	0.004653815
ENSG00000197959	0.98	0.004680777
ENSG00000276023	-0.5	0.004684084
ENSG00000110911	-0.34	0.004696771
ENSG00000138380	0.57	0.004719117
ENSG00000124006	-0.36	0.004719117
ENSG00000267002	0.63	0.004753285
ENSG00000136111	-0.56	0.004777143
ENSG00000082153	-0.27	0.004806114
ENSG00000196781	-0.89	0.004847444
ENSG00000131730	1.23	0.004859132
ENSG00000105971	-0.62	0.004859132
ENSG00000035664	-1.55	0.004859132
ENSG00000167380	0.48	0.004859132
ENSG00000186665	0.71	0.004918765
ENSG00000034533	0.67	0.0049252
ENSG00000247796	0.79	0.004947222
ENSG00000256616	2.23	0.005001512
ENSG00000125746	-0.42	0.005005183
ENSG00000087076	0.64	0.005024353
ENSG00000250934	-3.62	0.005050205
ENSG00000276107	-1.42	0.005073061
ENSG00000132170	-1.04	0.005073562
ENSG00000164920	0.73	0.005073562
ENSG00000164930	-0.98	0.005073562
ENSG00000169047	-0.73	0.005091011
ENSG00000154864	2.58	0.005091011
ENSG00000088854	-0.33	0.005117167
ENSG00000213918	0.62	0.005145725
ENSG00000111203	0.5	0.005148267
ENSG00000007944	0.5	0.005150384
ENSG00000114735	0.41	0.005150471
ENSG00000124374	-1.44	0.005161695
ENSG00000110906	-0.52	0.005167933
ENSG00000117479	-1.06	0.005189769
ENSG00000160746	-0.42	0.005194559
ENSG00000136156	-0.52	0.00521184
ENSG00000143549	-0.36	0.005251129
ENSG00000162368	-0.42	0.005281158
ENSG00000225302	0.97	0.005322542
ENSG00000162687	-0.92	0.005328503
ENSG00000134371	-0.32	0.005339273
ENSG00000064201	1.59	0.005340121
ENSG00000124466	1.42	0.005340121
ENSG00000120217	0.81	0.005343854
ENSG00000113441	-0.57	0.005360585
ENSG00000107438	-0.74	0.005363386
ENSG00000116016	0.63	0.00537276
ENSG00000153179	-0.41	0.005381403
ENSG00000187479	-1.15	0.005413942
ENSG00000173114	1.09	0.005434253
ENSG00000107821	1.08	0.005480747
ENSG00000137269	-0.68	0.005498239
ENSG00000118762	-0.87	0.005523573
ENSG00000164023	-0.56	0.005523573
ENSG00000148730	-0.7	0.005565672
ENSG00000100767	-1.07	0.005565672
ENSG00000182054	-0.6	0.005579272
ENSG00000162604	-0.65	0.005585704
ENSG00000143862	-0.37	0.005630515
ENSG00000134986	0.61	0.005696103
ENSG00000143811	-0.38	0.005700386
ENSG00000135776	-0.37	0.005718583
ENSG00000163485	1.65	0.00572842
ENSG00000171817	1.17	0.005753788
ENSG00000135723	0.81	0.005762351
ENSG00000149403	2.12	0.00576575
ENSG00000070371	-0.55	0.00576575
ENSG00000137693	-0.35	0.005816653
ENSG00000188613	-1.32	0.005824242
ENSG00000138696	-0.88	0.005849935
ENSG00000077943	-1.1	0.00586203
ENSG00000140600	2.7	0.005882128
ENSG00000206561	1.24	0.005891348
ENSG00000086102	0.35	0.005902354
ENSG00000148153	0.39	0.005939366
ENSG00000137821	0.62	0.005939366
ENSG00000145242	1.48	0.005959194
ENSG00000086015	0.34	0.005959744
ENSG00000176148	-0.34	0.005965716
ENSG00000186063	-0.37	0.005981032
ENSG00000147475	0.4	0.00600896
ENSG00000108861	-0.51	0.006044055
ENSG00000069431	-1.04	0.006049125
ENSG00000159593	-0.34	0.006059165
ENSG00000198467	-0.75	0.006125768
ENSG00000048540	-1.44	0.0061866
ENSG00000268894	-4.17	0.006233907
ENSG00000132613	-0.77	0.006238882
ENSG00000091164	0.27	0.006249758
ENSG00000164574	-0.46	0.006331816
ENSG00000066468	2.42	0.006331816
ENSG00000154114	-0.3	0.006341209
ENSG00000185189	-0.49	0.006360065
ENSG00000133639	-0.46	0.006385087
ENSG00000108588	-0.27	0.006388882
ENSG00000054965	0.25	0.006413797
ENSG00000163629	0.44	0.00643009
ENSG00000277351	1.82	0.00645116
ENSG00000140497	-0.31	0.00645116
ENSG00000197380	0.52	0.00645116
ENSG00000153113	-0.36	0.006468281
ENSG00000157657	0.64	0.006482682
ENSG00000146433	-0.29	0.006493259
ENSG00000170854	0.55	0.006494667
ENSG00000147324	-0.44	0.006558473
ENSG00000058272	-0.32	0.006632197
ENSG00000165244	-1.24	0.006634574
ENSG00000148180	-0.53	0.006647687
ENSG00000088826	0.77	0.006722255
ENSG00000106993	-0.57	0.006726136
ENSG00000254986	-0.46	0.006743344
ENSG00000267683	2.5	0.00678111
ENSG00000041515	-1.89	0.006820963
ENSG00000134874	0.43	0.006851974
ENSG00000118680	-0.47	0.006888983
ENSG00000139410	0.88	0.006892804
ENSG00000100380	0.27	0.006892804
ENSG00000244405	-0.82	0.006897799
ENSG00000186314	-1.21	0.006940708
ENSG00000168924	-0.36	0.006947597
ENSG00000101439	-0.39	0.007004999
ENSG00000014216	-0.27	0.007021238
ENSG00000133466	0.66	0.007025724
ENSG00000105989	3.09	0.007038927
ENSG00000146966	-0.43	0.007054292
ENSG00000133818	-0.65	0.007061855
ENSG00000196214	0.61	0.007109551
ENSG00000135956	-0.35	0.007133145
ENSG00000087191	-0.48	0.007151527
ENSG00000150768	-0.42	0.007195617
ENSG00000170456	0.48	0.007265667
ENSG00000167291	-0.55	0.007278083
ENSG00000053747	-0.88	0.007308892
ENSG00000117724	0.66	0.007310896
ENSG00000158201	-0.77	0.007314213
ENSG00000135318	0.87	0.007411515
ENSG00000185418	0.81	0.007416343
ENSG00000122490	-0.4	0.007508385
ENSG00000146278	-0.46	0.007558503
ENSG00000116171	0.3	0.007587872
ENSG00000131771	3.08	0.007588524
ENSG00000180488	-0.5	0.007592819
ENSG00000137309	0.48	0.007637592
ENSG00000124608	0.79	0.00766193
ENSG00000110583	0.51	0.007743414
ENSG00000247903	-0.99	0.007743414
ENSG00000263567	5.4	0.007775754
ENSG00000136720	-0.53	0.007809273
ENSG00000138375	0.28	0.00787282
ENSG00000185875	0.82	0.00787282
ENSG00000100234	0.66	0.00787282
ENSG00000046653	-2.58	0.007929146
ENSG00000275131	-0.84	0.007940297
ENSG00000242125	-0.59	0.007943352
ENSG00000270093	2.03	0.007943352
ENSG00000157224	-0.41	0.00796448
ENSG00000104331	-0.32	0.007966031
ENSG00000196295	0.44	0.00797644
ENSG00000095397	0.77	0.008004026
ENSG00000105327	0.76	0.008009013
ENSG00000132357	-0.34	0.008033817
ENSG00000280187	0.9	0.008035315
ENSG00000166189	-0.49	0.008064692
ENSG00000229647	-2.99	0.008072316
ENSG00000186812	0.31	0.008091495
ENSG00000259448	-1.9	0.0081188
ENSG00000143398	-0.38	0.008122168
ENSG00000170873	-1.96	0.008159261
ENSG00000161091	-0.48	0.008188231
ENSG00000139910	0.62	0.008231763
ENSG00000143434	-0.86	0.008233136
ENSG00000065491	0.41	0.008233136
ENSG00000099341	-0.31	0.008257033
ENSG00000099840	-1.04	0.008292738
ENSG00000136295	0.74	0.008294344
ENSG00000137869	-1.14	0.008294344
ENSG00000079101	2.97	0.008294344
ENSG00000078804	-0.59	0.008301592
ENSG00000065833	0.66	0.008339759
ENSG00000160766	0.66	0.008345713
ENSG00000124459	0.43	0.008345713
ENSG00000183291	-0.4	0.008362811
ENSG00000240291	-1.2	0.008362811
ENSG00000160256	-1.01	0.008378562
ENSG00000130338	0.43	0.008431655
ENSG00000150636	1.05	0.008431655
ENSG00000102007	-0.48	0.008431655
ENSG00000131323	0.42	0.008478372
ENSG00000265763	2.97	0.008493056
ENSG00000267121	0.95	0.008523502
ENSG00000162298	-0.31	0.008570012
ENSG00000178567	0.28	0.008595507
ENSG00000196843	-0.71	0.008656552
ENSG00000128805	0.73	0.008671611
ENSG00000156869	0.79	0.008707254
ENSG00000128606	2.18	0.008708908
ENSG00000168781	0.81	0.008755879
ENSG00000110442	0.37	0.008761021
ENSG00000198954	-0.31	0.008762154
ENSG00000101843	0.4	0.008800101
ENSG00000112972	0.41	0.00880883
ENSG00000119900	-0.54	0.008823496
ENSG00000178209	-0.84	0.008828659
ENSG00000156261	-0.27	0.008859063
ENSG00000155850	-0.39	0.008904204
ENSG00000121104	0.52	0.008962247
ENSG00000213625	-0.37	0.008965818
ENSG00000164039	0.46	0.008965818
ENSG00000196072	0.46	0.008965818
ENSG00000267528	2.08	0.008965818
ENSG00000144744	-0.33	0.008967807
ENSG00000004700	-0.38	0.009006415
ENSG00000259953	-0.79	0.009007374
ENSG00000166123	0.55	0.009007374
ENSG00000226328	-0.81	0.009014188
ENSG00000175928	2.17	0.009026086
ENSG00000164535	-0.42	0.009026086
ENSG00000031823	0.39	0.009026086
ENSG00000146535	-0.38	0.009094552
ENSG00000105402	-0.33	0.009139551
ENSG00000143013	0.39	0.009140298
ENSG00000182732	2.65	0.009144234
ENSG00000197119	0.64	0.009300201
ENSG00000088179	0.45	0.00931606
ENSG00000069399	0.59	0.00931606
ENSG00000198018	0.83	0.009367928
ENSG00000254109	-1.01	0.009374945
ENSG00000072121	0.4	0.009379591
ENSG00000279118	-1.51	0.009425378
ENSG00000219565	-3.73	0.009425378
ENSG00000263465	-0.51	0.009425378
ENSG00000022840	-0.27	0.009433439
ENSG00000151835	0.74	0.009443166
ENSG00000138002	0.37	0.009472229
ENSG00000128908	-0.37	0.009532977
ENSG00000129250	-0.51	0.009549466
ENSG00000084652	-0.41	0.00956217
ENSG00000103005	-0.35	0.00956217
ENSG00000051825	0.43	0.009564843
ENSG00000184949	0.81	0.009565578
ENSG00000166997	0.48	0.009592504
ENSG00000158985	-0.54	0.009598484
ENSG00000148411	-0.38	0.009709774
ENSG00000237928	-2.98	0.009749858
ENSG00000118579	-0.37	0.009749858
ENSG00000100485	-0.51	0.009749858
ENSG00000107130	0.49	0.009756016
ENSG00000150403	-0.29	0.009776707
ENSG00000181481	-0.45	0.009776707
ENSG00000136193	-0.44	0.009873488
ENSG00000213699	-0.3	0.00990218
ENSG00000179632	-0.27	0.009909219
ENSG00000121361	-0.74	0.009909219
ENSG00000150967	0.77	0.009909695
ENSG00000145041	-0.36	0.009947776
ENSG00000048342	0.41	0.009947776
ENSG00000048405	-0.39	0.009972179
ENSG00000159167	-2.29	0.009990692
ENSG00000175066	-0.68	0.009992147
ENSG00000104951	2.29	0.010082144
ENSG00000171097	0.79	0.010086717
ENSG00000103150	-0.65	0.010106804
ENSG00000130340	0.48	0.010107943
ENSG00000077713	-0.49	0.010165843
ENSG00000122507	0.36	0.010234052
ENSG00000121858	1.01	0.010268186
ENSG00000089006	-0.41	0.01029053
ENSG00000120696	0.47	0.010325256
ENSG00000156113	0.63	0.010358381
ENSG00000162512	0.5	0.010361223
ENSG00000177606	1.08	0.010361223
ENSG00000166681	-0.38	0.01046661
ENSG00000162869	-0.5	0.010547724
ENSG00000135976	0.66	0.010662463
ENSG00000170113	-0.34	0.010662463
ENSG00000133059	0.45	0.010799842
ENSG00000213420	1.57	0.010799842
ENSG00000106034	-1.09	0.010840841
ENSG00000122376	-0.4	0.010888127
ENSG00000111481	0.25	0.010888127
ENSG00000149346	0.6	0.010893737
ENSG00000122679	4.03	0.010939627
ENSG00000136158	-0.63	0.010953063
ENSG00000183655	-0.63	0.010968584
ENSG00000112137	1.13	0.010999384
ENSG00000229036	0.77	0.011009049
ENSG00000255874	0.94	0.011009049
ENSG00000115840	-0.49	0.01103601
ENSG00000241058	0.66	0.01103601
ENSG00000243364	0.84	0.011048547
ENSG00000070366	0.33	0.011093428
ENSG00000156876	0.73	0.011093613
ENSG00000107937	-0.49	0.01112559
ENSG00000120802	0.4	0.01112559
ENSG00000196914	-0.32	0.011134077
ENSG00000065308	-0.21	0.011152673
ENSG00000103742	2.13	0.011155849
ENSG00000160991	0.53	0.011210042
ENSG00000023608	-0.72	0.011218071
ENSG00000205937	-0.3	0.011229022
ENSG00000223756	0.57	0.011252674
ENSG00000119537	-0.59	0.011256794
ENSG00000273038	-0.9	0.011289794
ENSG00000156471	0.52	0.011313937
ENSG00000185499	-0.84	0.011387488
ENSG00000164172	0.44	0.011394223
ENSG00000241553	-0.47	0.011399267
ENSG00000225783	1.82	0.011399267
ENSG00000099256	0.43	0.011401397
ENSG00000130150	-0.7	0.011401397
ENSG00000043143	-0.32	0.011412939
ENSG00000136925	0.38	0.011412939
ENSG00000087338	-0.44	0.011427904
ENSG00000167705	-0.64	0.011430781
ENSG00000131899	0.44	0.011430781
ENSG00000213445	-0.56	0.011440245
ENSG00000184465	0.46	0.011452391
ENSG00000170323	-3.35	0.011452391
ENSG00000277288	3.08	0.011511918
ENSG00000237807	0.72	0.011522048
ENSG00000197594	-1.34	0.011579315
ENSG00000008853	-0.56	0.011582609
ENSG00000109184	-0.35	0.011613157
ENSG00000104142	-0.44	0.011633057
ENSG00000172955	-1.01	0.011664531
ENSG00000197006	0.26	0.01167973
ENSG00000103222	0.41	0.011700658
ENSG00000151623	0.91	0.011734226
ENSG00000169857	-0.66	0.011805065
ENSG00000143493	0.58	0.011812476
ENSG00000134697	-0.48	0.011867102
ENSG00000167642	-2.03	0.011941645
ENSG00000165125	-1.71	0.012018809
ENSG00000116406	-0.37	0.012097647
ENSG00000135111	0.44	0.012097647
ENSG00000198246	0.49	0.012099963
ENSG00000132406	-0.37	0.01210398
ENSG00000153936	-0.85	0.012158539
ENSG00000151151	-0.64	0.012158539
ENSG00000151229	-0.42	0.012188362
ENSG00000100714	-0.31	0.012196421
ENSG00000164808	-0.3	0.012239168
ENSG00000122641	-1.09	0.012255092
ENSG00000142794	-0.45	0.012292132
ENSG00000148925	0.33	0.012321557
ENSG00000143702	0.42	0.012326766
ENSG00000198830	0.33	0.012352013
ENSG00000116299	1.09	0.012352013
ENSG00000121653	0.7	0.012352013
ENSG00000181045	0.36	0.012352013
ENSG00000185561	-0.92	0.012540045
ENSG00000163755	0.32	0.012576601
ENSG00000112146	-0.29	0.01264885
ENSG00000180182	-0.28	0.01268987
ENSG00000080845	0.24	0.012706936
ENSG00000112218	-1.43	0.012759267
ENSG00000215251	-0.58	0.012767739
ENSG00000111737	-0.41	0.012879983
ENSG00000133106	-0.66	0.012879983
ENSG00000008083	-0.45	0.012981399
ENSG00000232871	2.48	0.012981399
ENSG00000180881	0.63	0.013026958
ENSG00000170364	-0.6	0.013035721
ENSG00000166165	-0.79	0.013050037
ENSG00000120837	-1.03	0.013098739
ENSG00000131089	0.34	0.013100328
ENSG00000144648	-2.17	0.013151282
ENSG00000166292	-1.4	0.013151282
ENSG00000004866	0.56	0.013155737
ENSG00000134070	1.02	0.013158785
ENSG00000196405	0.43	0.013169491
ENSG00000172954	-0.91	0.013250609
ENSG00000140092	-0.33	0.013250609
ENSG00000178734	1.62	0.013284849
ENSG00000163870	-0.35	0.013286799
ENSG00000189077	-0.39	0.013291192
ENSG00000186469	1.03	0.013291192
ENSG00000224470	-0.43	0.013297213
ENSG00000104738	0.47	0.013315943
ENSG00000157538	-0.37	0.01334655
ENSG00000148158	0.57	0.013355186
ENSG00000253139	-2.26	0.013565793
ENSG00000115998	0.39	0.013569029
ENSG00000143753	-0.4	0.013592712
ENSG00000173915	-0.37	0.013593022
ENSG00000076685	-0.46	0.013622698
ENSG00000054938	1.37	0.013631154
ENSG00000058262	0.29	0.013666669
ENSG00000021776	-0.26	0.013668708
ENSG00000105810	0.71	0.013675262
ENSG00000148814	0.49	0.013676075
ENSG00000123179	-0.5	0.013678235
ENSG00000152580	1.16	0.013692374
ENSG00000279204	-1.38	0.013727633
ENSG00000256713	3.39	0.013727633
ENSG00000106948	0.77	0.013751591
ENSG00000110203	1.54	0.013751591
ENSG00000169946	0.57	0.013759552
ENSG00000167114	-0.44	0.013842838
ENSG00000144120	0.73	0.013868238
ENSG00000179431	-0.63	0.013868238
ENSG00000230124	0.34	0.013911996
ENSG00000184205	0.53	0.01394849
ENSG00000277397	2.48	0.013987608
ENSG00000182379	1.23	0.014006334
ENSG00000270689	-4.13	0.014041151
ENSG00000147437	-0.7	0.014158103
ENSG00000143772	0.86	0.014286109
ENSG00000174804	-0.81	0.014288197
ENSG00000104894	1.18	0.014288197
ENSG00000155511	-0.86	0.014332188
ENSG00000174738	0.6	0.014345561
ENSG00000250657	3.37	0.014345561
ENSG00000013583	-0.4	0.014345561
ENSG00000166780	-0.54	0.014365201
ENSG00000183023	0.82	0.014416276
ENSG00000075539	-0.36	0.014455712
ENSG00000153214	-0.68	0.014479308
ENSG00000092853	1.15	0.014570847
ENSG00000226887	-2.54	0.014597776
ENSG00000144306	0.31	0.014601967
ENSG00000158806	1.16	0.014601967
ENSG00000128510	2.27	0.014649482
ENSG00000102781	-0.33	0.014649482
ENSG00000128274	-0.52	0.014649482
ENSG00000104825	-0.34	0.014709948
ENSG00000104886	-0.44	0.014937409
ENSG00000240764	1.24	0.014977055
ENSG00000102226	0.2	0.015073943
ENSG00000196465	0.41	0.015110377
ENSG00000162496	-1.13	0.015233561
ENSG00000198478	0.44	0.015300532
ENSG00000165240	0.37	0.015300532
ENSG00000173065	-0.41	0.015351242
ENSG00000186260	0.4	0.015367684
ENSG00000148841	-0.49	0.015375042
ENSG00000100528	-0.48	0.015408156
ENSG00000126767	-0.41	0.015527458
ENSG00000136986	-0.32	0.015656482
ENSG00000222009	0.68	0.015669079
ENSG00000170745	-0.95	0.015761251
ENSG00000213281	-0.3	0.015775987
ENSG00000114978	-0.31	0.015775987
ENSG00000116106	-1.38	0.015775987
ENSG00000172123	-0.64	0.015792673
ENSG00000119953	-0.32	0.015799193
ENSG00000063660	0.43	0.015838817
ENSG00000154582	-0.27	0.015850441
ENSG00000196345	0.6	0.016042858
ENSG00000140374	-0.31	0.016077752
ENSG00000151470	0.6	0.016086486
ENSG00000145861	1.03	0.016086486
ENSG00000198933	-0.37	0.016096524
ENSG00000123416	0.77	0.016109959
ENSG00000177663	-0.49	0.016109959
ENSG00000078070	-0.55	0.016135801
ENSG00000173548	-0.35	0.016144482
ENSG00000267023	0.62	0.016176389
ENSG00000173545	-0.33	0.016217061
ENSG00000020129	0.49	0.016257164
ENSG00000220785	0.66	0.016342175
ENSG00000105996	0.79	0.016342175
ENSG00000235823	0.75	0.016342175
ENSG00000140299	-0.29	0.016342175
ENSG00000155085	0.65	0.016372186
ENSG00000031081	0.68	0.016393886
ENSG00000112297	-0.64	0.016393886
ENSG00000214174	0.56	0.016393886
ENSG00000162545	-0.81	0.01641458
ENSG00000178038	1.03	0.01641458
ENSG00000112304	0.51	0.01641458
ENSG00000183092	3.37	0.016473997
ENSG00000163611	0.48	0.016494745
ENSG00000198363	0.32	0.016494745
ENSG00000249115	0.64	0.016525683
ENSG00000135093	0.4	0.016635734
ENSG00000074201	0.24	0.016660897
ENSG00000211456	-0.25	0.016829945
ENSG00000159792	-0.3	0.016837654
ENSG00000069535	-1.2	0.016883756
ENSG00000072134	-0.4	0.016951136
ENSG00000161642	0.81	0.016996974
ENSG00000167657	-0.43	0.017121838
ENSG00000138829	-2.08	0.017143185
ENSG00000099139	0.51	0.017200914
ENSG00000264007	-1.87	0.017282442
ENSG00000165105	1.87	0.017323378
ENSG00000196123	0.91	0.017380239
ENSG00000111224	0.45	0.017409776
ENSG00000152558	-0.36	0.017444921
ENSG00000100577	0.38	0.017444921
ENSG00000244301	-2.15	0.017562899
ENSG00000166670	2.79	0.017630162
ENSG00000166173	0.41	0.017703239
ENSG00000144118	-0.27	0.017768692
ENSG00000173744	-0.44	0.017768692
ENSG00000162441	0.41	0.017821394
ENSG00000196968	-0.29	0.017841618
ENSG00000173039	-0.24	0.017841618
ENSG00000120688	-0.34	0.017841618
ENSG00000126218	-0.7	0.017910339
ENSG00000221994	1.04	0.017923881
ENSG00000168769	0.46	0.017926871
ENSG00000260920	0.94	0.018052154
ENSG00000273179	1.41	0.018052154
ENSG00000165732	-0.51	0.018052154
ENSG00000151914	0.37	0.018101151
ENSG00000171385	-1.5	0.01813705
ENSG00000108061	-0.28	0.018192866
ENSG00000138382	-0.49	0.018237612
ENSG00000143067	0.72	0.018269905
ENSG00000111911	0.5	0.018304031
ENSG00000006451	0.58	0.018304031
ENSG00000033327	-0.38	0.018304031
ENSG00000132256	0.59	0.018438636
ENSG00000139220	-1.34	0.018603835
ENSG00000137331	1.25	0.018651241
ENSG00000172725	-0.36	0.018653844
ENSG00000196961	-0.24	0.018684754
ENSG00000073331	0.37	0.01869885
ENSG00000157954	-0.34	0.018725201
ENSG00000082126	-1.22	0.018797913
ENSG00000037637	-0.36	0.018813676
ENSG00000138400	1.07	0.018818759
ENSG00000164106	-1.59	0.018861655
ENSG00000131797	0.6	0.018890378
ENSG00000079313	-0.33	0.018890378
ENSG00000104365	-0.26	0.018985396
ENSG00000176928	-1.96	0.018993674
ENSG00000138459	-0.31	0.01907752
ENSG00000174839	-0.7	0.019105271
ENSG00000080573	-0.93	0.019115275
ENSG00000134744	0.36	0.019144993
ENSG00000154654	0.79	0.019144993
ENSG00000223811	2.83	0.019285158
ENSG00000134108	-0.28	0.019342475
ENSG00000134259	1.4	0.019348043
ENSG00000095380	-0.36	0.019348043
ENSG00000178449	-0.47	0.019351203
ENSG00000168175	-0.33	0.019392119
ENSG00000131507	-0.4	0.019432075
ENSG00000213930	0.52	0.019465458
ENSG00000166037	0.29	0.019465458
ENSG00000184867	0.39	0.019465458
ENSG00000102882	0.27	0.019466327
ENSG00000197702	-0.41	0.01956882
ENSG00000170876	-0.35	0.019604375
ENSG00000197496	-0.49	0.019646039
ENSG00000005249	-0.65	0.019702343
ENSG00000254004	0.46	0.019731238
ENSG00000162493	-1.89	0.01989559
ENSG00000240771	-0.38	0.01989559
ENSG00000152377	-0.85	0.020030931
ENSG00000175348	-0.37	0.020120709
ENSG00000198818	-0.38	0.020127558
ENSG00000164142	-2.27	0.020218262
ENSG00000003987	-0.99	0.020218262
ENSG00000128262	-1.8	0.020218262
ENSG00000137500	0.26	0.020320161
ENSG00000188153	0.9	0.020320161
ENSG00000110492	0.48	0.020556994
ENSG00000021645	-1.91	0.020556994
ENSG00000156162	-0.46	0.020561405
ENSG00000067955	-0.45	0.020561405
ENSG00000131100	-0.32	0.020561405
ENSG00000206530	0.57	0.020563913
ENSG00000172732	-0.32	0.020606946
ENSG00000148082	-0.74	0.020756084
ENSG00000132854	3.37	0.020832072
ENSG00000139437	-0.36	0.020832072
ENSG00000132321	1.5	0.020844498
ENSG00000184185	-0.96	0.020844498
ENSG00000103035	-0.27	0.020846339
ENSG00000118515	-0.53	0.020872394
ENSG00000181072	0.71	0.020890045
ENSG00000169446	-0.45	0.020890045
ENSG00000117152	1.11	0.02091117
ENSG00000163577	-0.57	0.02091117
ENSG00000181904	-0.31	0.020928448
ENSG00000158125	-1.36	0.020949941
ENSG00000113119	-0.52	0.020949941
ENSG00000083520	-0.32	0.020955051
ENSG00000163823	1.82	0.020975833
ENSG00000124831	-0.62	0.020975948
ENSG00000119943	0.59	0.020975948
ENSG00000205476	0.59	0.020975948
ENSG00000136378	-0.77	0.020980064
ENSG00000106261	0.34	0.021100396
ENSG00000197601	-0.3	0.021136341
ENSG00000132801	0.58	0.021175634
ENSG00000135778	0.42	0.021230034
ENSG00000148672	-0.27	0.021232447
ENSG00000108684	2.3	0.021277234
ENSG00000123505	-0.37	0.02129245
ENSG00000159674	0.97	0.021310516
ENSG00000168300	0.36	0.021319177
ENSG00000121892	-0.24	0.021327754
ENSG00000157107	-0.38	0.021373285
ENSG00000117602	-0.9	0.021401822
ENSG00000187634	1.5	0.021429449
ENSG00000213073	0.68	0.021429561
ENSG00000137642	1.65	0.021481554
ENSG00000260822	-0.85	0.021481554
ENSG00000104205	-0.61	0.021485734
ENSG00000197265	-0.3	0.021487249
ENSG00000136051	-0.35	0.021507097
ENSG00000197008	0.64	0.021523766
ENSG00000158828	-0.32	0.021565122
ENSG00000175073	-0.26	0.021566466
ENSG00000254987	-2.38	0.021566466
ENSG00000277287	0.88	0.021566466
ENSG00000149541	-0.44	0.021580398
ENSG00000214212	1.4	0.021604705
ENSG00000155011	1.6	0.021605003
ENSG00000184371	-0.4	0.021623844
ENSG00000134324	-0.63	0.021627339
ENSG00000185352	-4.05	0.021629938
ENSG00000229474	1.16	0.021634942
ENSG00000178307	-0.39	0.021672783
ENSG00000271930	1.01	0.021777809
ENSG00000180611	-0.54	0.021844132
ENSG00000140332	0.44	0.021862895
ENSG00000166340	0.28	0.021874351
ENSG00000198944	1.55	0.021890898
ENSG00000105607	-0.47	0.021890898
ENSG00000105204	0.37	0.021903983
ENSG00000162961	-0.42	0.021909477
ENSG00000215018	-2.42	0.021910781
ENSG00000119977	0.44	0.021910781
ENSG00000100813	0.29	0.021910781
ENSG00000121417	0.55	0.022102697
ENSG00000235863	-0.56	0.022232847
ENSG00000178028	0.48	0.022233359
ENSG00000223458	1.86	0.022253254
ENSG00000160218	-0.31	0.022253254
ENSG00000125772	0.56	0.022254063
ENSG00000027697	-0.41	0.022275452
ENSG00000180139	-1.32	0.0222873
ENSG00000183010	0.69	0.022308618
ENSG00000180694	-0.69	0.022400593
ENSG00000181019	0.73	0.022400593
ENSG00000213949	-0.6	0.022413256
ENSG00000115271	-0.57	0.022430186
ENSG00000188112	-0.6	0.022430186
ENSG00000146242	0.44	0.022430186
ENSG00000106443	0.37	0.022430186
ENSG00000167702	-0.68	0.022430186
ENSG00000170631	0.47	0.022430186
ENSG00000107249	-0.38	0.022430186
ENSG00000165072	-2.3	0.022430186
ENSG00000282164	1.49	0.022542196
ENSG00000105726	-0.33	0.022604487
ENSG00000185972	1.42	0.022620168
ENSG00000261888	0.72	0.022620168
ENSG00000136868	-0.43	0.022628272
ENSG00000133104	-0.44	0.022628272
ENSG00000107362	-0.46	0.02279278
ENSG00000081026	0.34	0.022819923
ENSG00000095951	0.52	0.022822144
ENSG00000008710	-0.52	0.022822144
ENSG00000132326	1.09	0.022870911
ENSG00000198691	-1.18	0.022895423
ENSG00000079950	-0.46	0.022901463
ENSG00000184785	-0.58	0.022901463
ENSG00000189339	0.46	0.023153483
ENSG00000167468	0.37	0.023220462
ENSG00000174132	-0.5	0.023246723
ENSG00000112343	-0.3	0.023356334
ENSG00000145506	-1.4	0.023380231
ENSG00000184916	1.17	0.023429786
ENSG00000182575	-1.26	0.023443778
ENSG00000124370	0.48	0.023515874
ENSG00000178301	0.88	0.023536541
ENSG00000157827	-0.52	0.023564597
ENSG00000228801	0.92	0.023564597
ENSG00000244486	-0.55	0.023593336
ENSG00000139644	-0.31	0.023629068
ENSG00000149488	-1.06	0.023703936
ENSG00000229619	-0.72	0.023729608
ENSG00000106991	0.42	0.023822789
ENSG00000167196	0.46	0.023822789
ENSG00000161513	0.96	0.023822789
ENSG00000172292	-0.58	0.023860437
ENSG00000006831	-0.24	0.023889228
ENSG00000130005	0.38	0.023898381
ENSG00000154856	-1.77	0.023915773
ENSG00000196743	-0.37	0.024045001
ENSG00000115946	-0.71	0.0241453
ENSG00000205730	-0.4	0.024146211
ENSG00000102401	0.3	0.024207155
ENSG00000080947	0.49	0.02423388
ENSG00000269959	1.68	0.024236303
ENSG00000109680	0.73	0.024258044
ENSG00000116604	-0.35	0.024345696
ENSG00000121690	0.63	0.024352469
ENSG00000169756	0.44	0.024426968
ENSG00000078177	-0.41	0.024445816
ENSG00000116690	-1.74	0.024459135
ENSG00000279059	-0.7	0.024486134
ENSG00000130202	-0.33	0.024486134
ENSG00000125753	-0.47	0.024531784
ENSG00000196739	0.98	0.024544258
ENSG00000168661	0.84	0.024640483
ENSG00000213341	-0.35	0.024713577
ENSG00000143416	0.62	0.024718905
ENSG00000204304	0.35	0.024718905
ENSG00000087903	0.68	0.024718905
ENSG00000196663	-0.26	0.024812318
ENSG00000280099	-1.59	0.024844873
ENSG00000177432	0.56	0.024871047
ENSG00000120705	-0.29	0.024978687
ENSG00000135052	0.36	0.025018161
ENSG00000106105	0.32	0.025184585
ENSG00000119514	1.15	0.025235738
ENSG00000120800	-0.56	0.025235738
ENSG00000196196	-1.4	0.025239275
ENSG00000151743	0.82	0.025239275
ENSG00000189420	-1.52	0.025239275
ENSG00000164164	-0.39	0.025248735
ENSG00000113389	-0.95	0.025248735
ENSG00000111602	0.48	0.025248735
ENSG00000163320	-0.32	0.02547383
ENSG00000104343	-0.44	0.02547383
ENSG00000181800	-0.9	0.02547383
ENSG00000196136	-1.77	0.025799203
ENSG00000023697	-0.32	0.025801313
ENSG00000174370	0.73	0.025821769
ENSG00000139329	0.86	0.025879779
ENSG00000147679	-0.33	0.025945654
ENSG00000266865	0.69	0.025945654
ENSG00000131408	-0.36	0.025945654
ENSG00000166171	0.47	0.026087744
ENSG00000096063	-0.25	0.026163391
ENSG00000228798	1.82	0.026163391
ENSG00000163637	-0.6	0.026250861
ENSG00000132824	-0.42	0.026259309
ENSG00000100221	-0.39	0.026259309
ENSG00000160867	0.65	0.026367995
ENSG00000157578	1.1	0.026378381
ENSG00000151327	-0.46	0.026478328
ENSG00000166949	0.39	0.026478769
ENSG00000103342	-0.24	0.026490401
ENSG00000090238	-0.37	0.026491271
ENSG00000180938	0.79	0.026499849
ENSG00000170017	-0.86	0.026625738
ENSG00000171681	0.39	0.026625738
ENSG00000211574	1.65	0.026625738
ENSG00000054277	-0.8	0.026653915
ENSG00000150630	0.44	0.026734962
ENSG00000110931	-0.28	0.026837424
ENSG00000272356	-1.13	0.026861277
ENSG00000166986	0.36	0.026894573
ENSG00000198909	-0.5	0.026911791
ENSG00000131016	0.97	0.026944037
ENSG00000187607	0.56	0.026986913
ENSG00000108602	2.45	0.027001603
ENSG00000126882	1.1	0.027007573
ENSG00000146416	0.39	0.02701797
ENSG00000109814	-0.4	0.027039398
ENSG00000099326	0.39	0.027039398
ENSG00000006788	-3.1	0.027045518
ENSG00000108946	-0.27	0.027045518
ENSG00000169057	-0.31	0.027047009
ENSG00000136014	-0.5	0.027055103
ENSG00000018189	0.31	0.027082466
ENSG00000139154	0.27	0.027130435
ENSG00000106415	-0.59	0.027170169
ENSG00000168306	0.37	0.027201007
ENSG00000106484	1.79	0.027201007
ENSG00000120899	-1.1	0.027201007
ENSG00000103978	-0.41	0.027201007
ENSG00000278619	-0.6	0.027201007
ENSG00000166394	-0.43	0.027338263
ENSG00000169129	2.03	0.027368184
ENSG00000169689	-0.5	0.027368184
ENSG00000100350	0.46	0.027368184
ENSG00000272744	-1.66	0.027383359
ENSG00000148484	-0.37	0.027492111
ENSG00000171163	0.47	0.027570919
ENSG00000153317	-0.3	0.027582898
ENSG00000108829	-0.49	0.027650187
ENSG00000157036	-0.55	0.027730775
ENSG00000010818	0.35	0.027758952
ENSG00000196588	-0.4	0.027758952
ENSG00000116212	-0.28	0.027767701
ENSG00000255508	0.76	0.027767701
ENSG00000204947	0.45	0.027802784
ENSG00000198203	1.49	0.027857685
ENSG00000073169	-0.47	0.027857685
ENSG00000130956	-0.57	0.028056762
ENSG00000011454	-0.45	0.028056762
ENSG00000022267	-0.51	0.028133929
ENSG00000206573	0.42	0.028269717
ENSG00000189241	0.25	0.028269717
ENSG00000106077	0.56	0.028269717
ENSG00000107679	-0.33	0.028269717
ENSG00000170647	1.07	0.028269717
ENSG00000198551	0.38	0.028280748
ENSG00000130487	2.82	0.028280748
ENSG00000182158	-0.55	0.028312146
ENSG00000119392	-0.32	0.028323465
ENSG00000169297	3.18	0.028431266
ENSG00000236255	0.97	0.028439383
ENSG00000105792	-0.85	0.028514306
ENSG00000145907	-0.3	0.028547137
ENSG00000163017	-1.93	0.028558511
ENSG00000039560	-0.53	0.028603174
ENSG00000158552	0.39	0.028607444
ENSG00000153250	-0.28	0.028659185
ENSG00000122085	0.33	0.028659185
ENSG00000254858	-0.49	0.028659185
ENSG00000148399	0.31	0.028665805
ENSG00000152484	-0.53	0.028700813
ENSG00000167193	-0.27	0.028700813
ENSG00000135315	0.36	0.028757323
ENSG00000147655	1.48	0.028757323
ENSG00000122741	-0.25	0.028757323
ENSG00000102316	0.38	0.02881052
ENSG00000012822	-0.42	0.028861308
ENSG00000005812	-0.47	0.028896016
ENSG00000072195	0.51	0.028940565
ENSG00000063587	-0.37	0.028971133
ENSG00000188428	0.35	0.028992491
ENSG00000177595	0.72	0.029017009
ENSG00000259673	-1.02	0.02912567
ENSG00000079435	-1	0.0292824
ENSG00000149177	-0.54	0.029284979
ENSG00000163527	-0.34	0.029294368
ENSG00000171150	0.46	0.029383767
ENSG00000180773	-0.33	0.029547257
ENSG00000163131	0.98	0.029631462
ENSG00000170035	0.33	0.029631462
ENSG00000225383	-1.98	0.029631462
ENSG00000129353	-0.55	0.029631462
ENSG00000163877	-0.37	0.029642178
ENSG00000069667	-0.49	0.02976826
ENSG00000270605	1.52	0.029781712
ENSG00000155749	-1.02	0.029817047
ENSG00000153721	0.71	0.029818905
ENSG00000170085	-0.45	0.029836904
ENSG00000197948	-0.29	0.0298689
ENSG00000225032	-1.02	0.029897201
ENSG00000180354	-0.46	0.029965122
ENSG00000122420	0.72	0.030281012
ENSG00000179242	-1.4	0.030327541
ENSG00000187792	0.48	0.030327541
ENSG00000071205	-0.47	0.030384263
ENSG00000101367	-0.27	0.030384263
ENSG00000101557	-0.24	0.030475571
ENSG00000141380	-0.22	0.030475571
ENSG00000243279	0.4	0.030475571
ENSG00000009780	-0.58	0.030478751
ENSG00000005007	-0.24	0.030593337
ENSG00000247077	-0.35	0.030719886
ENSG00000273162	1.67	0.030721669
ENSG00000178184	1.13	0.030789147
ENSG00000198952	-0.33	0.030872566
ENSG00000112561	0.78	0.030872566
ENSG00000162650	-0.52	0.030913256
ENSG00000091831	1.21	0.030957427
ENSG00000011304	-0.35	0.030960655
ENSG00000159346	-0.35	0.031051638
ENSG00000119630	1.2	0.031051638
ENSG00000082996	-0.33	0.031074701
ENSG00000237187	0.47	0.031074701
ENSG00000179241	-0.54	0.031074701
ENSG00000099998	-2.42	0.031074701
ENSG00000171227	2.14	0.031079531
ENSG00000072135	-0.49	0.031172669
ENSG00000220563	1.6	0.031179184
ENSG00000280073	1.95	0.031179184
ENSG00000134138	0.82	0.031194228
ENSG00000168310	-0.35	0.031196935
ENSG00000139055	-2.06	0.031240652
ENSG00000197046	2.62	0.031240652
ENSG00000164465	0.53	0.031252335
ENSG00000196371	-0.57	0.031264382
ENSG00000140995	-0.25	0.031271544
ENSG00000128917	-3.7	0.031496005
ENSG00000168679	0.95	0.031559895
ENSG00000069329	0.2	0.031656501
ENSG00000223802	1.97	0.031693301
ENSG00000174899	-0.78	0.03173006
ENSG00000111726	-0.32	0.031733475
ENSG00000116761	-0.94	0.031749054
ENSG00000138587	0.68	0.031844919
ENSG00000115183	0.47	0.031867817
ENSG00000163565	0.44	0.031898577
ENSG00000054118	0.2	0.031914852
ENSG00000102974	0.27	0.031938792
ENSG00000166946	-0.43	0.03203132
ENSG00000165943	-0.38	0.03203895
ENSG00000115129	0.31	0.032249074
ENSG00000134247	0.78	0.032296598
ENSG00000131467	-0.32	0.032341046
ENSG00000157916	-0.22	0.032444462
ENSG00000079134	0.34	0.032444462
ENSG00000004799	-2.55	0.03250138
ENSG00000077235	0.21	0.032543756
ENSG00000186998	2.21	0.032543756
ENSG00000065802	-0.31	0.032621595
ENSG00000155090	0.62	0.032621595
ENSG00000259319	1.45	0.032621595
ENSG00000131043	-0.25	0.032621595
ENSG00000112531	-0.24	0.032675736
ENSG00000104671	-0.35	0.032675736
ENSG00000176102	0.43	0.032749557
ENSG00000185880	0.44	0.032749557
ENSG00000188786	-0.28	0.032781209
ENSG00000138071	-0.29	0.032787075
ENSG00000106348	-0.44	0.032790949
ENSG00000126804	-0.3	0.032795461
ENSG00000186340	0.56	0.03282828
ENSG00000135801	-0.43	0.032836156
ENSG00000132535	0.32	0.032862165
ENSG00000101224	0.57	0.032872283
ENSG00000240498	1.15	0.032908645
ENSG00000103365	0.41	0.032997406
ENSG00000251669	0.89	0.033031013
ENSG00000144802	-0.55	0.033106069
ENSG00000107372	-0.8	0.033106069
ENSG00000196923	-0.59	0.033137005
ENSG00000223820	1.38	0.0331442
ENSG00000172531	-0.36	0.03318848
ENSG00000013561	-0.32	0.033451114
ENSG00000133858	-0.3	0.033468995
ENSG00000108846	-0.81	0.033468995
ENSG00000170775	-1.49	0.033487428
ENSG00000174780	0.2	0.033558452
ENSG00000101938	-1.1	0.033558452
ENSG00000138160	0.59	0.03357505
ENSG00000065665	0.46	0.033612243
ENSG00000165775	-0.3	0.033729289
ENSG00000167543	-0.5	0.033778213
ENSG00000101134	0.94	0.033903925
ENSG00000276529	-1.52	0.033903925
ENSG00000198846	0.59	0.033904368
ENSG00000149809	-0.83	0.033964121
ENSG00000124486	-0.42	0.033964121
ENSG00000182263	0.53	0.034024803
ENSG00000204386	0.4	0.034025533
ENSG00000159200	-1.15	0.034025533
ENSG00000240809	-0.94	0.034103015
ENSG00000117697	0.33	0.034135084
ENSG00000205726	-0.44	0.034146923
ENSG00000110108	-0.34	0.034170302
ENSG00000009335	-0.21	0.03422254
ENSG00000204842	-0.39	0.034265243
ENSG00000117385	0.36	0.034286286
ENSG00000134853	-0.6	0.034350702
ENSG00000221978	-0.29	0.034406489
ENSG00000151694	-0.49	0.034467553
ENSG00000185267	0.8	0.034467553
ENSG00000126773	0.23	0.034540505
ENSG00000279207	0.49	0.034557111
ENSG00000104885	-0.35	0.034597102
ENSG00000058063	-0.37	0.034693062
ENSG00000049656	-0.27	0.034693062
ENSG00000091622	0.84	0.034693062
ENSG00000242802	-0.3	0.034869777
ENSG00000205683	0.95	0.034869777
ENSG00000162383	0.62	0.03487585
ENSG00000133028	-0.29	0.034965011
ENSG00000088876	-0.33	0.034965011
ENSG00000241878	-0.35	0.034965011
ENSG00000099785	-0.49	0.034978722
ENSG00000172757	-0.4	0.03502083
ENSG00000142065	0.52	0.035052474
ENSG00000092068	-0.88	0.035076005
ENSG00000103876	0.4	0.035107373
ENSG00000256223	0.64	0.03552078
ENSG00000178053	0.75	0.035656851
ENSG00000168386	0.63	0.035789437
ENSG00000168010	0.49	0.035891181
ENSG00000168883	-0.3	0.035980864
ENSG00000267745	-0.95	0.036180362
ENSG00000182473	0.4	0.036287148
ENSG00000124164	-0.26	0.036287148
ENSG00000086544	-0.66	0.036323149
ENSG00000147874	-0.27	0.036344676
ENSG00000129473	-0.35	0.036356362
ENSG00000092445	0.47	0.036577434
ENSG00000196535	0.36	0.036577434
ENSG00000172828	1.87	0.036601294
ENSG00000156504	-0.36	0.03673923
ENSG00000127946	-0.5	0.036784599
ENSG00000231574	-1.12	0.036820124
ENSG00000237886	1.35	0.036820124
ENSG00000258399	0.84	0.036820124
ENSG00000127083	-1.79	0.036940566
ENSG00000243943	0.38	0.036943461
ENSG00000174501	0.65	0.03694959
ENSG00000174705	-0.65	0.03694959
ENSG00000156928	-0.35	0.03694959
ENSG00000053254	-0.38	0.03694959
ENSG00000178605	-0.35	0.037200062
ENSG00000144824	0.38	0.037271526
ENSG00000188596	1.03	0.037271526
ENSG00000126970	0.4	0.037281909
ENSG00000170629	0.81	0.037422233
ENSG00000188483	0.68	0.037457424
ENSG00000145990	-0.76	0.037520885
ENSG00000197044	0.36	0.037715205
ENSG00000272384	2.35	0.03773493
ENSG00000135018	-0.24	0.03773493
ENSG00000162066	0.61	0.037772101
ENSG00000205981	-0.33	0.037776266
ENSG00000122512	0.36	0.037842868
ENSG00000153560	-0.22	0.037985072
ENSG00000144891	-1.23	0.037985072
ENSG00000142634	-0.42	0.038133944
ENSG00000151276	-0.59	0.038144632
ENSG00000197497	0.63	0.038161269
ENSG00000215196	0.88	0.038169032
ENSG00000157796	-0.41	0.038241084
ENSG00000160172	0.89	0.038241084
ENSG00000157445	0.92	0.038288516
ENSG00000164122	-1.94	0.038288516
ENSG00000068120	-0.25	0.038288516
ENSG00000137960	-1.74	0.038654086
ENSG00000073536	0.5	0.038787945
ENSG00000142102	-0.46	0.03879642
ENSG00000260455	2.18	0.03883235
ENSG00000271447	-2.5	0.038862062
ENSG00000143382	-0.85	0.038899275
ENSG00000104415	0.85	0.038916765
ENSG00000189067	0.37	0.038920706
ENSG00000136267	3.24	0.038952286
ENSG00000010278	-0.57	0.039054421
ENSG00000182957	0.53	0.039077097
ENSG00000174564	0.73	0.03922532
ENSG00000005100	-0.37	0.039248787
ENSG00000073756	1.24	0.039251508
ENSG00000253540	1.05	0.039457235
ENSG00000104067	-0.31	0.039457235
ENSG00000161328	0.74	0.039457687
ENSG00000100968	0.5	0.039886996
ENSG00000129245	-0.27	0.039966275
ENSG00000097033	-0.42	0.040066474
ENSG00000148677	-3.86	0.040066474
ENSG00000278156	-0.68	0.040084153
ENSG00000145014	0.44	0.040109055
ENSG00000106780	-0.31	0.040109055
ENSG00000101079	0.52	0.040261867
ENSG00000013619	-0.35	0.040327381
ENSG00000166166	-0.34	0.040335565
ENSG00000237234	0.88	0.0403883
ENSG00000203485	-0.33	0.040414875
ENSG00000198947	-1.01	0.040414875
ENSG00000059145	-0.26	0.040424326
ENSG00000079102	0.37	0.040541314
ENSG00000148343	-0.39	0.040590314
ENSG00000221926	0.64	0.040782845
ENSG00000272325	-0.4	0.040874227
ENSG00000260807	1.73	0.040875779
ENSG00000148344	0.85	0.041073083
ENSG00000080824	0.41	0.041175389
ENSG00000264745	-1.52	0.041198718
ENSG00000159658	-0.27	0.041251379
ENSG00000106397	-0.32	0.041251379
ENSG00000093000	-0.39	0.041450414
ENSG00000087470	-0.26	0.041452158
ENSG00000105664	-2.08	0.041467947
ENSG00000124942	-0.32	0.041502029
ENSG00000198862	-0.59	0.041502029
ENSG00000172379	-0.56	0.041556848
ENSG00000134321	3.61	0.041566415
ENSG00000063127	0.89	0.041660439
ENSG00000176095	-0.24	0.041662545
ENSG00000183775	0.92	0.041897221
ENSG00000159915	0.88	0.041897221
ENSG00000144357	-0.28	0.041914672
ENSG00000213846	0.68	0.041914672
ENSG00000180628	-0.41	0.041914672
ENSG00000159082	0.4	0.041940726
ENSG00000125945	0.5	0.041978603
ENSG00000204560	-0.27	0.042027297
ENSG00000131732	0.4	0.042038705
ENSG00000120254	0.59	0.042203102
ENSG00000204314	0.55	0.042292744
ENSG00000101265	1.08	0.042292744
ENSG00000127527	0.27	0.042316486
ENSG00000114423	-0.49	0.042346114
ENSG00000182952	-0.29	0.042365988
ENSG00000171502	1	0.042366443
ENSG00000133835	-0.26	0.042366443
ENSG00000095319	0.3	0.042366443
ENSG00000203805	1.45	0.042366443
ENSG00000123983	0.45	0.04238546
ENSG00000103479	-0.34	0.04238546
ENSG00000100644	-0.57	0.042520873
ENSG00000198663	0.19	0.042547555
ENSG00000111452	-0.71	0.042554296
ENSG00000198074	1.45	0.042554437
ENSG00000078114	-3.28	0.042624848
ENSG00000151491	-0.52	0.042648822
ENSG00000103540	0.27	0.042651296
ENSG00000139826	-0.36	0.042672094
ENSG00000106477	0.38	0.042791112
ENSG00000144895	0.19	0.042795952
ENSG00000251602	0.69	0.042795952
ENSG00000163072	-1.04	0.042805007
ENSG00000136813	-0.31	0.042805007
ENSG00000277972	-0.4	0.042805007
ENSG00000177125	-0.31	0.042817092
ENSG00000189144	0.63	0.042857426
ENSG00000172399	-2.17	0.043034677
ENSG00000144644	2.15	0.043187202
ENSG00000109586	-0.35	0.043191027
ENSG00000174348	0.39	0.043271646
ENSG00000111696	-0.94	0.043430871
ENSG00000269958	-0.49	0.043649934
ENSG00000181523	0.21	0.043696095
ENSG00000136718	-0.3	0.043707165
ENSG00000136827	-0.25	0.043707165
ENSG00000040731	1.85	0.043777955
ENSG00000019144	-0.36	0.043802247
ENSG00000136643	0.26	0.043856952
ENSG00000099953	0.62	0.043856952
ENSG00000173040	-0.31	0.043967253
ENSG00000066855	-0.39	0.043970943
ENSG00000280798	-0.48	0.04403494
ENSG00000105997	0.7	0.044143423
ENSG00000146143	0.45	0.044155672
ENSG00000105559	0.57	0.044192977
ENSG00000134376	2.03	0.044222261
ENSG00000198919	0.25	0.044222261
ENSG00000111110	1.25	0.044222261
ENSG00000132965	-1.68	0.044222261
ENSG00000140265	0.28	0.044222261
ENSG00000124249	1.34	0.044222261
ENSG00000160219	-0.59	0.044222261
ENSG00000174791	0.54	0.04424096
ENSG00000138496	0.51	0.044259264
ENSG00000127837	-0.3	0.044299828
ENSG00000147905	0.35	0.044422908
ENSG00000134698	-0.29	0.044508346
ENSG00000048052	0.47	0.044508346
ENSG00000213024	0.32	0.044542659
ENSG00000101474	-0.26	0.04458568
ENSG00000110880	-0.31	0.044743356
ENSG00000242282	0.81	0.044827015
ENSG00000182154	-0.56	0.044842908
ENSG00000128039	-0.42	0.04485374
ENSG00000100842	0.65	0.04485374
ENSG00000173456	-0.28	0.044884762
ENSG00000148985	0.34	0.04504761
ENSG00000012660	-0.42	0.045153435
ENSG00000132334	-1.32	0.045153435
ENSG00000099904	-0.29	0.045289452
ENSG00000266239	-2.37	0.04543492
ENSG00000166402	0.41	0.045541327
ENSG00000180525	-1.54	0.045541333
ENSG00000143393	0.26	0.045587294
ENSG00000197557	0.51	0.045587294
ENSG00000260630	0.83	0.045646435
ENSG00000080546	0.25	0.045712878
ENSG00000154479	-1.19	0.045881082
ENSG00000173320	1.09	0.045881082
ENSG00000168701	-0.33	0.045909778
ENSG00000128694	0.5	0.0459688
ENSG00000100578	0.34	0.046198406
ENSG00000248932	0.92	0.046264266
ENSG00000173083	-1.36	0.046264266
ENSG00000102098	0.61	0.046473188
ENSG00000177565	0.29	0.046524244
ENSG00000109133	-0.28	0.046730728
ENSG00000072310	0.76	0.046730728
ENSG00000181804	-0.52	0.046742425
ENSG00000008513	0.57	0.047009838
ENSG00000255197	-1.02	0.047009838
ENSG00000198542	-1.01	0.047009838
ENSG00000131508	-0.3	0.04725454
ENSG00000187801	1.06	0.04752947
ENSG00000186480	1.03	0.047625856
ENSG00000103248	0.43	0.047673646
ENSG00000185803	-0.42	0.047766312
ENSG00000134242	-2.14	0.047789706
ENSG00000137497	0.26	0.047998843
ENSG00000166170	-0.24	0.048012842
ENSG00000175782	-0.32	0.048047004
ENSG00000180992	0.43	0.048332468
ENSG00000226121	-1.76	0.048479148
ENSG00000117899	-0.28	0.048479148
ENSG00000131634	-0.76	0.048489762
ENSG00000149548	0.97	0.048581275
ENSG00000068001	0.25	0.048618833
ENSG00000205189	-0.54	0.04879138
ENSG00000005471	1.18	0.04879244
ENSG00000127314	-0.31	0.04879244
ENSG00000137547	-0.38	0.048819821
ENSG00000004846	1.86	0.04888098
ENSG00000026297	0.47	0.048932511
ENSG00000111490	1.55	0.048932511
ENSG00000175048	0.53	0.049020043
ENSG00000136628	0.28	0.049128461
ENSG00000216775	0.75	0.049128461
ENSG00000263528	0.44	0.049450297
ENSG00000135074	-0.53	0.049668964
ENSG00000258412	2.28	0.049699035
ENSG00000080823	0.58	0.049760232
ENSG00000231312	-0.54	0.049767657
ENSG00000213190	0.62	0.049816738
ENSG00000169902	0.46	0.049909754
ENSG00000251301	-2.39	0.050000783
ENSG00000130958	-0.35	0.050038323
ENSG00000125375	-0.52	0.050038323
ENSG00000042088	0.41	0.050038323
ENSG00000182628	0.35	0.050045011
ENSG00000169871	-0.27	0.050046476
ENSG00000171148	-0.23	0.050108257
ENSG00000068028	-0.44	0.050144372
ENSG00000081386	0.34	0.050241816
ENSG00000103994	-0.51	0.050241816
ENSG00000155792	0.99	0.050356434
ENSG00000187720	0.74	0.050414278
ENSG00000147592	-0.62	0.05046434
ENSG00000250588	-1.05	0.050472192
ENSG00000234028	0.99	0.050599014
ENSG00000123636	0.37	0.050599014
ENSG00000109501	-0.52	0.051050764
ENSG00000254087	-0.67	0.051123613
ENSG00000261655	1.88	0.051128706
ENSG00000214717	-0.32	0.051139431
ENSG00000203943	1.38	0.051199347
ENSG00000263956	0.38	0.051199347
ENSG00000104320	0.33	0.051254113
ENSG00000182272	0.84	0.051254113
ENSG00000176428	0.6	0.051276488
ENSG00000272631	-0.71	0.051356647
ENSG00000120265	-0.31	0.051372308
ENSG00000256340	1.62	0.051372308
ENSG00000143748	0.35	0.051374995
ENSG00000109265	1.34	0.051411113
ENSG00000116127	0.41	0.051662342
ENSG00000148541	1.28	0.051721107
ENSG00000132963	-0.38	0.051721107
ENSG00000075415	-0.22	0.051755105
ENSG00000150540	-0.97	0.051895018
ENSG00000108788	-0.28	0.051895018
ENSG00000273599	-0.69	0.051986295
ENSG00000148429	0.3	0.052099222
ENSG00000138101	0.57	0.052147197
ENSG00000189058	-1.11	0.052265246
ENSG00000111321	-0.27	0.052354746
ENSG00000182985	1.49	0.052411027
ENSG00000131669	0.59	0.052916228
ENSG00000134058	-0.34	0.052931011
ENSG00000247572	0.67	0.053009806
ENSG00000198580	1.14	0.053053838
ENSG00000105655	0.62	0.053131982
ENSG00000187987	0.73	0.053162242
ENSG00000067221	0.29	0.053193466
ENSG00000257702	0.58	0.053227965
ENSG00000139292	-3.17	0.053274591
ENSG00000168874	-0.7	0.053282938
ENSG00000125835	-0.52	0.053282938
ENSG00000273117	2.15	0.053320515
ENSG00000100802	0.4	0.053323484
ENSG00000101126	0.24	0.053383765
ENSG00000159388	0.42	0.053458787
ENSG00000143226	1.27	0.053474513
ENSG00000172602	-1.97	0.053484686
ENSG00000105778	-0.29	0.053522057
ENSG00000156011	0.53	0.053522057
ENSG00000092094	0.3	0.053685551
ENSG00000144642	-0.27	0.053931258
ENSG00000060762	-0.44	0.053931258
ENSG00000100106	0.44	0.053931258
ENSG00000166387	-0.46	0.053982417
ENSG00000132541	0.64	0.054133399
ENSG00000144320	-0.3	0.054616874
ENSG00000179082	1.09	0.054677976
ENSG00000150510	-0.66	0.054685095
ENSG00000165269	2.56	0.054836437
ENSG00000197124	0.74	0.054956572
ENSG00000104081	0.69	0.055059822
ENSG00000246859	0.5	0.055133932
ENSG00000204536	0.31	0.055133932
ENSG00000261609	-0.41	0.055177128
ENSG00000184640	0.43	0.055248685
ENSG00000152284	0.37	0.055313982
ENSG00000185860	-2.72	0.055623084
ENSG00000257732	-1.12	0.055675974
ENSG00000176890	0.94	0.055727464
ENSG00000161281	-0.33	0.055735092
ENSG00000075651	0.62	0.055765171
ENSG00000241014	0.4	0.055773201
ENSG00000172530	0.5	0.055785481
ENSG00000185697	0.88	0.05579896
ENSG00000131069	-0.27	0.055891116
ENSG00000138092	0.54	0.055899081
ENSG00000134109	-0.36	0.055899081
ENSG00000079308	0.23	0.056140396
ENSG00000124357	0.36	0.056263186
ENSG00000084674	-1.35	0.056380705
ENSG00000151376	0.51	0.056545433
ENSG00000144161	0.56	0.056595383
ENSG00000138386	0.43	0.056595383
ENSG00000117298	-0.28	0.056613924
ENSG00000164949	-0.54	0.056624634
ENSG00000049540	-0.96	0.056881888
ENSG00000204335	2.61	0.056992382
ENSG00000197372	0.6	0.056992382
ENSG00000241990	-1.31	0.056992382
ENSG00000259956	0.23	0.057131133
ENSG00000173598	-0.78	0.057159289
ENSG00000023902	-0.42	0.05720992
ENSG00000100890	-0.46	0.057317797
ENSG00000142303	0.28	0.057317797
ENSG00000176387	1.94	0.057380398
ENSG00000077549	-0.27	0.057558605
ENSG00000111912	-0.56	0.057605213
ENSG00000177042	0.3	0.057626401
ENSG00000162267	-2.65	0.057630156
ENSG00000259495	1.34	0.057630156
ENSG00000181610	-0.29	0.057630156
ENSG00000174840	-0.29	0.057656384
ENSG00000177192	-0.63	0.057656384
ENSG00000198408	-0.35	0.057684412
ENSG00000078142	-0.3	0.057684412
ENSG00000162413	-0.44	0.057732314
ENSG00000182195	0.26	0.057754283
ENSG00000139718	-0.22	0.057859288
ENSG00000151116	-0.24	0.057938125
ENSG00000049239	-0.39	0.058183443
ENSG00000205464	0.47	0.058230589
ENSG00000002919	-0.38	0.058251345
ENSG00000076242	0.35	0.058377325
ENSG00000175416	-0.34	0.058377325
ENSG00000110031	0.52	0.058377325
ENSG00000165124	-0.65	0.05840931
ENSG00000095139	-0.19	0.058447428
ENSG00000169258	0.5	0.058848443
ENSG00000050393	-0.41	0.059012839
ENSG00000262691	0.87	0.059029138
ENSG00000140464	-0.28	0.05908365
ENSG00000178401	0.71	0.059106458
ENSG00000182685	-0.95	0.059106458
ENSG00000144040	0.37	0.059228578
ENSG00000132002	0.31	0.059273782
ENSG00000265354	-0.28	0.05927836
ENSG00000207561	-0.74	0.059642345
ENSG00000154429	0.43	0.059644488
ENSG00000196177	-0.37	0.059644488
ENSG00000129315	-0.22	0.059644488
ENSG00000006118	0.5	0.059744068
ENSG00000054983	-0.29	0.059828852
ENSG00000164379	0.71	0.059927414
ENSG00000164483	1.45	0.059927414
ENSG00000086061	0.29	0.05992984
ENSG00000197536	0.41	0.059931345
ENSG00000140416	-0.59	0.059934536
ENSG00000117859	-0.44	0.060200091
ENSG00000261338	-0.92	0.060268949
ENSG00000123609	0.4	0.060412617
ENSG00000179909	0.62	0.060469369
ENSG00000169379	-0.33	0.060567284
ENSG00000023318	-0.23	0.060567284
ENSG00000269293	-0.54	0.060718109
ENSG00000108641	0.54	0.060718109
ENSG00000126581	-0.22	0.060718109
ENSG00000124788	0.42	0.06072704
ENSG00000167699	0.25	0.060740702
ENSG00000145012	-0.53	0.060817652
ENSG00000182329	2.18	0.061036693
ENSG00000163482	0.25	0.061078263
ENSG00000159363	-0.43	0.061180803
ENSG00000134780	0.66	0.061204983
ENSG00000143942	-1.11	0.061241665
ENSG00000174456	-0.42	0.061241665
ENSG00000119922	0.66	0.06124982
ENSG00000166762	2.07	0.061298784
ENSG00000100461	0.25	0.06141904
ENSG00000182796	-0.41	0.061432613
ENSG00000177868	0.38	0.061580708
ENSG00000167985	-0.53	0.061580708
ENSG00000118197	-0.31	0.061608272
ENSG00000140543	0.57	0.061695636
ENSG00000197555	0.5	0.061763217
ENSG00000110047	-0.4	0.061794279
ENSG00000110955	-0.17	0.0619844
ENSG00000124795	-0.27	0.061995335
ENSG00000124615	-0.47	0.061995335
ENSG00000164929	1.29	0.061995335
ENSG00000057294	-2.16	0.062058967
ENSG00000140350	0.43	0.062089729
ENSG00000126524	-0.36	0.062292036
ENSG00000187955	0.89	0.062310086
ENSG00000281969	-1.85	0.062356984
ENSG00000066422	0.31	0.062648558
ENSG00000088756	1.48	0.062881986
ENSG00000214575	0.78	0.062987568
ENSG00000110713	-0.26	0.062988105
ENSG00000069998	-0.68	0.063006957
ENSG00000132688	0.82	0.063429023
ENSG00000033627	-0.47	0.063429023
ENSG00000141030	0.27	0.063511744
ENSG00000081870	-0.3	0.063760198
ENSG00000160271	0.42	0.063760198
ENSG00000123572	-1.47	0.063760198
ENSG00000120832	-0.47	0.063775127
ENSG00000232480	2.2	0.063783588
ENSG00000197885	0.31	0.063844062
ENSG00000167969	-0.44	0.063897927
ENSG00000100911	0.38	0.06390678
ENSG00000243156	0.58	0.063974194
ENSG00000213965	-0.37	0.064034386
ENSG00000059758	0.31	0.064317206
ENSG00000257093	0.39	0.064378297
ENSG00000058799	-0.4	0.06452364
ENSG00000196878	0.68	0.064529945
ENSG00000144857	-0.75	0.064529945
ENSG00000145623	-0.48	0.064529945
ENSG00000159692	0.27	0.06467613
ENSG00000134909	0.32	0.06467613
ENSG00000188827	0.46	0.06467613
ENSG00000108733	0.35	0.064708575
ENSG00000117569	0.35	0.064729149
ENSG00000170011	-2.11	0.064729149
ENSG00000078747	-0.26	0.064951112
ENSG00000183696	1.05	0.064952082
ENSG00000006638	0.66	0.064952082
ENSG00000165023	1.45	0.065018553
ENSG00000198176	-0.23	0.065018553
ENSG00000132768	-0.37	0.065038399
ENSG00000185973	0.43	0.065151917
ENSG00000183864	-0.32	0.065233256
ENSG00000117519	-0.43	0.065255324
ENSG00000197566	0.49	0.065546115
ENSG00000171105	-0.55	0.06559537
ENSG00000213888	0.86	0.065596931
ENSG00000169122	0.32	0.065618352
ENSG00000163249	-0.29	0.06562191
ENSG00000259498	-1.28	0.06562191
ENSG00000164638	0.85	0.065656936
ENSG00000187866	0.34	0.065758864
ENSG00000100196	-0.19	0.065758864
ENSG00000077147	-0.24	0.065824261
ENSG00000205339	-0.17	0.065901756
ENSG00000163359	0.34	0.065907115
ENSG00000272150	0.83	0.065959939
ENSG00000077264	1.26	0.065959939
ENSG00000164008	0.39	0.06617331
ENSG00000139842	-0.16	0.066186901
ENSG00000197930	-0.33	0.066186901
ENSG00000185800	-0.29	0.066457023
ENSG00000075945	0.32	0.066556498
ENSG00000058600	-0.26	0.066578814
ENSG00000100401	-0.37	0.066578814
ENSG00000182179	0.44	0.066663965
ENSG00000058056	-0.37	0.066663965
ENSG00000170142	0.23	0.066821781
ENSG00000138709	-0.32	0.066821781
ENSG00000275700	-0.25	0.066821781
ENSG00000127666	-0.34	0.066821781
ENSG00000253302	1.42	0.066874313
ENSG00000160741	-0.31	0.066981126
ENSG00000119979	-0.3	0.067085982
ENSG00000265148	1.56	0.067085982
ENSG00000164440	0.84	0.067178926
ENSG00000137727	0.44	0.067178926
ENSG00000196655	-0.26	0.067178926
ENSG00000108352	0.65	0.067178926
ENSG00000168758	-0.46	0.067191741
ENSG00000253476	-0.74	0.067191741
ENSG00000250251	-0.53	0.067294588
ENSG00000272970	1.6	0.067320996
ENSG00000085982	0.3	0.067382986
ENSG00000228158	-1.22	0.067425773
ENSG00000123737	-0.53	0.067432515
ENSG00000186364	0.82	0.067442622
ENSG00000101871	0.45	0.067442622
ENSG00000103187	-0.37	0.067486671
ENSG00000106299	-0.37	0.06764367
ENSG00000113645	-1.02	0.067684043
ENSG00000255090	0.85	0.067766702
ENSG00000154001	-0.21	0.06777367
ENSG00000117410	-0.36	0.067944652
ENSG00000228242	0.75	0.068236936
ENSG00000164332	-0.27	0.068236936
ENSG00000023734	-0.29	0.06824457
ENSG00000139428	0.55	0.068290959
ENSG00000132846	0.51	0.068291791
ENSG00000126790	-0.33	0.068291791
ENSG00000013523	0.28	0.068349112
ENSG00000163931	0.67	0.068383072
ENSG00000070214	-0.32	0.068383072
ENSG00000111641	-0.4	0.068383072
ENSG00000272695	-0.8	0.068383072
ENSG00000198270	0.45	0.068633349
ENSG00000197894	-0.29	0.068768521
ENSG00000072864	-0.32	0.068938673
ENSG00000048162	-0.53	0.069029211
ENSG00000175582	-0.22	0.069069446
ENSG00000163950	-0.22	0.069108157
ENSG00000079819	0.28	0.069108157
ENSG00000093072	0.46	0.069181727
ENSG00000078140	-0.33	0.069196339
ENSG00000186088	-0.53	0.069210542
ENSG00000110721	-0.54	0.069210542
ENSG00000255857	1.29	0.06934472
ENSG00000198721	0.3	0.06936825
ENSG00000184271	0.32	0.069556541
ENSG00000129680	-0.33	0.069561299
ENSG00000057663	-0.26	0.069662546
ENSG00000147889	0.33	0.069662546
ENSG00000261556	0.86	0.069662546
ENSG00000076928	-0.36	0.069662546
ENSG00000102030	-0.32	0.069662546
ENSG00000167323	-0.4	0.069701386
ENSG00000108639	-0.71	0.069701386
ENSG00000162004	-0.83	0.069805867
ENSG00000116095	-0.38	0.070010654
ENSG00000116133	-0.86	0.070077946
ENSG00000253741	1.46	0.070264236
ENSG00000153208	1.22	0.07038751
ENSG00000120896	-0.44	0.07044917
ENSG00000087274	-0.19	0.070526091
ENSG00000140015	2.22	0.070531024
ENSG00000119408	0.54	0.07072929
ENSG00000042317	0.32	0.07072929
ENSG00000072682	0.36	0.070795367
ENSG00000142632	-0.97	0.071063783
ENSG00000115760	-0.27	0.071144085
ENSG00000078725	1.03	0.071144085
ENSG00000128000	0.41	0.071162316
ENSG00000144736	0.33	0.071173489
ENSG00000099260	0.95	0.071225673
ENSG00000152556	0.24	0.071225673
ENSG00000117620	-0.38	0.071236607
ENSG00000146950	-1.35	0.071236607
ENSG00000160469	0.45	0.071462319
ENSG00000055130	-0.28	0.071717755
ENSG00000156345	0.56	0.071717755
ENSG00000066279	0.63	0.07181174
ENSG00000144810	-0.97	0.071980283
ENSG00000183580	-0.54	0.071980283
ENSG00000130377	2.24	0.072221388
ENSG00000158062	0.42	0.072302697
ENSG00000183763	0.75	0.072302697
ENSG00000156860	-0.19	0.072302697
ENSG00000162598	-1.91	0.07242101
ENSG00000164989	0.63	0.07242101
ENSG00000279382	0.89	0.07242101
ENSG00000066136	0.28	0.072431045
ENSG00000162636	0.43	0.072431045
ENSG00000118596	-0.46	0.072431045
ENSG00000121454	0.75	0.072538424
ENSG00000106603	0.36	0.072538424
ENSG00000279266	1.91	0.072538424
ENSG00000155100	-0.31	0.072746503
ENSG00000143498	0.52	0.072828138
ENSG00000145358	0.86	0.072866093
ENSG00000134248	-0.31	0.072987739
ENSG00000165156	0.3	0.072987739
ENSG00000108424	-0.23	0.072987739
ENSG00000006062	0.65	0.07307054
ENSG00000204291	0.92	0.073124352
ENSG00000185070	0.7	0.073182919
ENSG00000267042	2.19	0.073228956
ENSG00000108799	-0.35	0.073231814
ENSG00000136828	0.44	0.07332037
ENSG00000164938	0.29	0.073441293
ENSG00000105290	0.66	0.073441293
ENSG00000166913	-0.14	0.073456374
ENSG00000260578	0.91	0.073491036
ENSG00000185480	0.66	0.073555787
ENSG00000171680	0.75	0.073656438
ENSG00000145022	-0.37	0.07379516
ENSG00000047056	-0.29	0.073926634
ENSG00000179262	-0.23	0.073926634
ENSG00000162695	-0.31	0.073979643
ENSG00000141699	-0.28	0.074004824
ENSG00000163686	-0.51	0.074023085
ENSG00000154222	-0.28	0.074042725
ENSG00000006283	1.36	0.074112163
ENSG00000228109	0.81	0.074137268
ENSG00000178814	-0.38	0.074137268
ENSG00000100441	-0.27	0.074243979
ENSG00000138942	-0.26	0.074249188
ENSG00000109519	-0.47	0.074347601
ENSG00000119938	0.43	0.074347601
ENSG00000254510	-1.75	0.074347601
ENSG00000184584	-0.57	0.074531726
ENSG00000084754	-0.22	0.074603839
ENSG00000165527	-0.37	0.074603839
ENSG00000173085	-0.55	0.074827553
ENSG00000126261	-0.3	0.074843618
ENSG00000131263	-0.17	0.074873571
ENSG00000065717	-0.79	0.074951427
ENSG00000099956	0.25	0.075010356
ENSG00000157502	-3.21	0.075010356
ENSG00000239828	-1.96	0.075299581
ENSG00000196591	0.3	0.075313694
ENSG00000103316	1.47	0.075313694
ENSG00000174807	0.68	0.075402258
ENSG00000235423	0.69	0.075402258
ENSG00000230587	-1.61	0.075499767
ENSG00000129521	1.32	0.075649773
ENSG00000272282	1.31	0.075740801
ENSG00000136261	0.54	0.076081337
ENSG00000122359	-0.35	0.076112843
ENSG00000197451	-0.37	0.076193644
ENSG00000154359	0.39	0.0763546
ENSG00000070193	1.3	0.076397837
ENSG00000150712	-0.45	0.07663309
ENSG00000217648	0.91	0.076830795
ENSG00000144668	1.15	0.076841643
ENSG00000215447	0.47	0.076926022
ENSG00000184162	-0.55	0.076937363
ENSG00000116918	-0.29	0.07700652
ENSG00000241973	0.21	0.07700652
ENSG00000092847	0.24	0.077086167
ENSG00000183691	-1.67	0.077127857
ENSG00000184985	-1.27	0.077256306
ENSG00000028839	0.33	0.077256306
ENSG00000089060	-0.5	0.077256306
ENSG00000070495	-0.47	0.077296794
ENSG00000132581	-0.24	0.077310672
ENSG00000085511	0.55	0.077349107
ENSG00000164889	-0.26	0.077435005
ENSG00000127328	-0.66	0.077527575
ENSG00000168491	1.4	0.077652006
ENSG00000169220	0.48	0.077854205
ENSG00000110719	-0.38	0.077976139
ENSG00000135046	-0.45	0.077976536
ENSG00000275322	-1.61	0.077997165
ENSG00000160325	0.3	0.078336367
ENSG00000074181	-0.58	0.078385915
ENSG00000178573	0.64	0.078527896
ENSG00000178988	0.18	0.078555755
ENSG00000128581	0.25	0.078726913
ENSG00000177889	-0.29	0.079191596
ENSG00000161791	0.32	0.079216865
ENSG00000134287	-0.25	0.079312965
ENSG00000130222	1.85	0.079376784
ENSG00000099219	-0.34	0.079687166
ENSG00000085491	-0.23	0.079747571
ENSG00000117020	-0.38	0.079759669
ENSG00000148516	-0.41	0.079759669
ENSG00000220205	-0.45	0.079759669
ENSG00000165197	0.86	0.079846738
ENSG00000140743	-0.48	0.079882117
ENSG00000149596	-1	0.079882117
ENSG00000249992	0.58	0.079913927
ENSG00000132823	-0.37	0.079929483
ENSG00000115539	-0.4	0.080071806
ENSG00000143612	-0.2	0.080131962
ENSG00000105058	-0.23	0.080131962
ENSG00000164185	-1.23	0.080159966
ENSG00000261625	-0.61	0.080189582
ENSG00000104611	0.54	0.080252346
ENSG00000023041	-0.2	0.080346907
ENSG00000168062	1.29	0.080346907
ENSG00000143512	1.5	0.080367653
ENSG00000166479	0.19	0.080436306
ENSG00000204789	0.77	0.080684733
ENSG00000259431	0.47	0.080684733
ENSG00000116667	-0.93	0.080802375
ENSG00000187957	-1.9	0.081192856
ENSG00000119397	0.3	0.081192856
ENSG00000179456	0.37	0.081277211
ENSG00000081189	0.56	0.081295833
ENSG00000107282	0.26	0.081346878
ENSG00000128394	0.53	0.081425632
ENSG00000253304	-0.81	0.081688006
ENSG00000128016	-0.34	0.081688006
ENSG00000138030	-0.96	0.081725324
ENSG00000100003	-0.54	0.08182013
ENSG00000082512	-0.36	0.081960386
ENSG00000259036	2.09	0.081999483
ENSG00000230487	0.38	0.082041081
ENSG00000151067	0.49	0.082137695
ENSG00000114857	0.32	0.082190416
ENSG00000112787	-0.3	0.082190416
ENSG00000261114	-1.67	0.082283782
ENSG00000196391	0.76	0.082480078
ENSG00000008441	0.33	0.082748194
ENSG00000203780	0.61	0.083119519
ENSG00000162688	-0.42	0.083288819
ENSG00000126391	-0.4	0.083288819
ENSG00000170145	-0.32	0.083288819
ENSG00000139163	-0.35	0.083288819
ENSG00000238184	1.55	0.083594267
ENSG00000139636	-0.29	0.083649718
ENSG00000151689	0.32	0.08367244
ENSG00000247081	-0.99	0.083781981
ENSG00000163635	-0.24	0.083812442
ENSG00000149923	-0.23	0.083895113
ENSG00000169714	-0.24	0.083955462
ENSG00000235217	0.65	0.084047844
ENSG00000091483	-0.35	0.084085641
ENSG00000132475	0.18	0.084191399
ENSG00000175550	0.26	0.084238073
ENSG00000136100	-0.27	0.084238073
ENSG00000061794	-0.24	0.084428918
ENSG00000197457	0.64	0.084653999
ENSG00000100997	-0.26	0.084880292
ENSG00000183831	1.61	0.084996834
ENSG00000135838	-0.65	0.085076846
ENSG00000135452	-0.34	0.085116194
ENSG00000224165	1.26	0.085134855
ENSG00000221843	0.8	0.085134855
ENSG00000160888	0.34	0.085134855
ENSG00000189398	0.63	0.085148033
ENSG00000157429	0.6	0.085368467
ENSG00000150991	-0.28	0.085432379
ENSG00000147586	-0.96	0.085649529
ENSG00000239697	-0.3	0.085654358
ENSG00000132467	-0.28	0.085718812
ENSG00000083642	0.18	0.08577402
ENSG00000155189	-0.59	0.085984062
ENSG00000164167	-0.42	0.086128633
ENSG00000111275	-0.34	0.086207638
ENSG00000237126	-1.04	0.086287184
ENSG00000123154	-0.47	0.086287184
ENSG00000124198	-0.32	0.086344688
ENSG00000137752	0.67	0.086387491
ENSG00000085978	-0.28	0.086465433
ENSG00000162654	0.76	0.086526563
ENSG00000139233	-0.28	0.086646946
ENSG00000138182	0.37	0.087117556
ENSG00000165672	-0.23	0.087168804
ENSG00000042753	-0.24	0.087168804
ENSG00000185634	0.83	0.087180785
ENSG00000250132	0.61	0.087264425
ENSG00000149761	-0.41	0.087580748
ENSG00000185386	-0.48	0.087580748
ENSG00000271943	1.73	0.087623934
ENSG00000139112	-0.45	0.0876622
ENSG00000119787	-0.35	0.08788417
ENSG00000011405	-0.35	0.08788417
ENSG00000132603	-0.4	0.088045673
ENSG00000235314	-1.09	0.088115796
ENSG00000122557	-0.22	0.088223887
ENSG00000158195	-0.25	0.08842202
ENSG00000015153	-0.4	0.08842202
ENSG00000179981	0.68	0.088560977
ENSG00000157168	1.52	0.088624574
ENSG00000181381	-0.5	0.08863245
ENSG00000179941	-0.31	0.088645735
ENSG00000102119	-0.21	0.088645735
ENSG00000116005	-0.44	0.088647888
ENSG00000198856	-0.27	0.088684413
ENSG00000100599	0.34	0.088684413
ENSG00000133731	-0.35	0.088821515
ENSG00000162889	-0.26	0.088840059
ENSG00000240344	0.31	0.088840059
ENSG00000127561	-1.12	0.089057455
ENSG00000177337	-0.47	0.08914951
ENSG00000266524	0.87	0.089170872
ENSG00000142751	-0.23	0.089213947
ENSG00000169499	-0.32	0.089213947
ENSG00000172167	0.64	0.089236787
ENSG00000119718	0.46	0.089248708
ENSG00000174808	-1.32	0.089388352
ENSG00000215493	1.04	0.089447036
ENSG00000178252	0.3	0.089814916
ENSG00000229852	0.49	0.089828524
ENSG00000119771	-0.45	0.089857414
ENSG00000090776	0.61	0.089857414
ENSG00000227517	1.58	0.08986872
ENSG00000158423	1.14	0.08995546
ENSG00000214184	2.11	0.089961634
ENSG00000079332	-0.3	0.089961634
ENSG00000231298	-2.03	0.089969051
ENSG00000236166	2.19	0.090418405
ENSG00000089057	0.29	0.090418405
ENSG00000163683	-0.47	0.090455014
ENSG00000059691	0.27	0.090458729
ENSG00000225830	0.31	0.090458729
ENSG00000061676	-0.26	0.09048023
ENSG00000250091	0.56	0.090527741
ENSG00000149115	-0.28	0.090766823
ENSG00000267361	-1.24	0.090820991
ENSG00000166454	0.21	0.091201481
ENSG00000052126	0.3	0.091236836
ENSG00000068697	0.24	0.091335986
ENSG00000115457	-2.07	0.091402302
ENSG00000186815	-0.44	0.091574682
ENSG00000138031	-0.51	0.091649151
ENSG00000137404	0.54	0.091656744
ENSG00000114770	-0.33	0.091850122
ENSG00000160305	0.23	0.091850122
ENSG00000135424	0.5	0.091867846
ENSG00000102468	1.83	0.091867846
ENSG00000180667	-0.37	0.09193837
ENSG00000236778	0.7	0.092158744
ENSG00000226688	0.51	0.092165765
ENSG00000133247	0.43	0.092251536
ENSG00000166439	0.34	0.092653811
ENSG00000055070	-0.24	0.092684549
ENSG00000257150	-2.16	0.092712626
ENSG00000185787	-0.29	0.092712626
ENSG00000131037	-1.3	0.092766675
ENSG00000112514	0.21	0.092859319
ENSG00000198908	0.36	0.092985352
ENSG00000159445	0.4	0.092986606
ENSG00000230333	-0.73	0.093093111
ENSG00000281207	-1.08	0.093344273
ENSG00000106723	0.31	0.093371319
ENSG00000116731	-0.23	0.093477238
ENSG00000163820	0.39	0.093477238
ENSG00000070961	-0.48	0.093477238
ENSG00000182568	0.37	0.093533687
ENSG00000266074	0.3	0.093744259
ENSG00000101246	0.28	0.093893709
ENSG00000111199	-0.53	0.09396431
ENSG00000281005	-0.74	0.093974639
ENSG00000105339	-0.38	0.094061054
ENSG00000136826	0.72	0.09412856
ENSG00000074416	-0.44	0.094358036
ENSG00000140526	-0.43	0.094358036
ENSG00000104973	-0.23	0.094585072
ENSG00000073921	-0.27	0.094645247
ENSG00000100417	-0.26	0.09476798
ENSG00000084636	0.55	0.094788668
ENSG00000233276	-0.36	0.094794089
ENSG00000181004	-0.46	0.09493178
ENSG00000166532	0.29	0.09493178
ENSG00000123684	-0.23	0.094935801
ENSG00000114383	-0.27	0.094935801
ENSG00000247853	-1.44	0.094986141
ENSG00000100554	-0.21	0.095044099
ENSG00000164663	0.32	0.095061776
ENSG00000166348	0.5	0.095107091
ENSG00000141198	-0.68	0.095297794
ENSG00000074695	0.21	0.095357536
ENSG00000186951	-0.31	0.095848428
ENSG00000010310	1.08	0.09611158
ENSG00000187601	0.27	0.09611158
ENSG00000113384	-0.29	0.09618065
ENSG00000165916	-0.19	0.09618065
ENSG00000109846	-0.48	0.09618065
ENSG00000259291	-0.57	0.096336073
ENSG00000095066	0.32	0.096451818
ENSG00000144061	0.46	0.096455361
ENSG00000108175	0.38	0.096583298
ENSG00000262001	-0.56	0.096601796
ENSG00000134590	-0.19	0.096834908
ENSG00000257894	-2.18	0.09696021
ENSG00000281091	-1.37	0.097049835
ENSG00000112319	0.49	0.09710248
ENSG00000147894	-0.74	0.097294901
ENSG00000196668	1.35	0.097309406
ENSG00000196659	0.45	0.09731682
ENSG00000001167	0.49	0.09731682
ENSG00000186907	1.11	0.097602833
ENSG00000197769	-2.51	0.0976053
ENSG00000139263	0.32	0.0976053
ENSG00000100024	-3.46	0.097638893
ENSG00000100207	0.22	0.097750174
ENSG00000116161	0.25	0.097871734
ENSG00000165819	-0.26	0.097871734
ENSG00000189283	0.7	0.097913077
ENSG00000262468	0.98	0.09805667
ENSG00000120910	-0.38	0.098155004
ENSG00000078369	-0.18	0.098206692
ENSG00000159685	0.41	0.098206692
ENSG00000102302	0.32	0.098508343
ENSG00000119318	-0.5	0.098521553
ENSG00000184014	-0.17	0.098529535
ENSG00000109016	-0.5	0.098529535
ENSG00000270194	0.72	0.09853852
ENSG00000115295	-0.41	0.098625808
ENSG00000134905	-0.33	0.09867979
ENSG00000171865	-0.29	0.098981223
ENSG00000076604	0.5	0.099499323
ENSG00000071889	-0.24	0.099499323
ENSG00000034693	0.38	0.099524182
ENSG00000102575	1.35	0.099558355
ENSG00000266456	1.56	0.099767513
ENSG00000104953	-1.23	0.099917318
ENSG00000229043	0.56	0.100068607
ENSG00000068885	0.31	0.100137007
ENSG00000197070	-0.32	0.10017065
ENSG00000090020	0.29	0.100521239
ENSG00000214530	0.61	0.100521239
ENSG00000138185	0.32	0.100659635
ENSG00000108852	0.68	0.100807463
ENSG00000135924	0.23	0.100869346
ENSG00000237753	-0.56	0.100970322
ENSG00000168522	-0.24	0.101426531
ENSG00000101049	1.25	0.101426531
ENSG00000204179	2.4	0.101725432
ENSG00000205085	-0.54	0.101769933
ENSG00000140406	-0.47	0.101769933
ENSG00000214176	-0.42	0.101769933
ENSG00000215912	1.36	0.1018192
ENSG00000117222	0.25	0.1018192
ENSG00000163545	-0.95	0.1018192
ENSG00000113361	1.3	0.1018192
ENSG00000203808	-1.12	0.1018192
ENSG00000166262	0.61	0.1018192
ENSG00000167186	0.28	0.1018192
ENSG00000167393	0.34	0.1018192
ENSG00000235033	-1.07	0.101922014
ENSG00000105173	0.66	0.101975468
ENSG00000162520	0.41	0.102090214
ENSG00000102879	1.4	0.102151275
ENSG00000203778	0.27	0.102261527
ENSG00000108551	-2.2	0.102437457
ENSG00000180304	0.23	0.102506141
ENSG00000229931	1.19	0.102704503
ENSG00000179240	0.72	0.102806129
ENSG00000137831	0.44	0.10306721
ENSG00000143390	0.45	0.103263651
ENSG00000059573	0.38	0.103263651
ENSG00000177119	-0.27	0.103263651
ENSG00000181350	1.06	0.103505684
ENSG00000120008	-0.18	0.103663887
ENSG00000166035	0.72	0.103663887
ENSG00000197978	0.65	0.103663887
ENSG00000276223	1.53	0.103663887
ENSG00000229833	-0.72	0.103704606
ENSG00000111335	0.69	0.103756488
ENSG00000164713	-0.26	0.103821398
ENSG00000182674	2.45	0.103834092
ENSG00000103888	-0.99	0.103876578
ENSG00000165476	-0.41	0.103914637
ENSG00000125520	0.39	0.103942907
ENSG00000177383	0.28	0.104008327
ENSG00000138756	0.6	0.104069296
ENSG00000243004	0.79	0.104069296
ENSG00000047932	0.17	0.104073568
ENSG00000051180	-0.89	0.104073568
ENSG00000215190	0.58	0.104115035
ENSG00000160050	0.52	0.104187451
ENSG00000174106	-0.22	0.104241631
ENSG00000167711	-1.38	0.104241631
ENSG00000112130	-0.27	0.104458432
ENSG00000196363	-0.25	0.104458432
ENSG00000173546	0.54	0.104509354
ENSG00000115159	-0.51	0.104571305
ENSG00000164010	0.43	0.104639188
ENSG00000168101	-0.36	0.104734668
ENSG00000134970	-0.3	0.104759044
ENSG00000185483	-0.41	0.104771555
ENSG00000101665	-0.29	0.104836324
ENSG00000141127	0.44	0.104889693
ENSG00000136870	0.28	0.105224241
ENSG00000130309	-0.27	0.105292865
ENSG00000132793	-0.72	0.105292865
ENSG00000021762	-0.41	0.105451949
ENSG00000121406	0.38	0.105483891
ENSG00000163394	2.2	0.105540938
ENSG00000071626	-0.22	0.105720964
ENSG00000113578	-1.03	0.10577229
ENSG00000070018	0.46	0.105871307
ENSG00000038427	0.36	0.105948872
ENSG00000111348	-1.01	0.106113727
ENSG00000139990	0.24	0.106127087
ENSG00000089248	0.18	0.106273199
ENSG00000106609	-0.22	0.106378855
ENSG00000166313	-0.18	0.106543172
ENSG00000151500	0.3	0.106589744
ENSG00000163602	-0.28	0.106592205
ENSG00000214106	0.54	0.106592205
ENSG00000168476	-0.4	0.106592205
ENSG00000156521	-0.4	0.106592205
ENSG00000163349	-0.25	0.106678955
ENSG00000198898	-0.21	0.106678955
ENSG00000166747	-0.22	0.106678955
ENSG00000160951	1.67	0.106678955
ENSG00000047644	-0.34	0.106678955
ENSG00000172845	0.22	0.106884584
ENSG00000135932	-0.3	0.106884584
ENSG00000221838	0.37	0.106884584
ENSG00000106366	-0.74	0.106884584
ENSG00000138834	0.26	0.106884584
ENSG00000277258	0.29	0.106884584
ENSG00000105404	-0.33	0.106884584
ENSG00000163449	1.2	0.106894165
ENSG00000102317	-0.34	0.106903559
ENSG00000116337	0.27	0.106975461
ENSG00000259863	-0.69	0.107014334
ENSG00000120992	-0.31	0.107141117
ENSG00000140367	-0.2	0.107141117
ENSG00000109079	-0.28	0.107141117
ENSG00000259287	-1.62	0.107738315
ENSG00000172061	2.36	0.107782379
ENSG00000051382	-0.39	0.108185499
ENSG00000172731	0.43	0.108185499
ENSG00000136367	0.6	0.108185499
ENSG00000126214	-0.37	0.10820105
ENSG00000213397	0.46	0.108260028
ENSG00000261662	-0.88	0.108595368
ENSG00000141431	1.4	0.108902641
ENSG00000154133	1.9	0.10895544
ENSG00000165714	0.38	0.108960905
ENSG00000256667	0.55	0.109090862
ENSG00000188315	-0.52	0.109222916
ENSG00000143971	-0.22	0.109283399
ENSG00000095383	-0.51	0.109283399
ENSG00000169302	1.54	0.109347523
ENSG00000177453	1.11	0.109433812
ENSG00000128944	-0.6	0.109673179
ENSG00000151575	0.74	0.109673179
ENSG00000183579	-0.32	0.109673179
ENSG00000159708	1.88	0.109857898
ENSG00000166068	-0.35	0.109910658
ENSG00000176597	-0.84	0.10997633
ENSG00000248869	1.52	0.109978867
ENSG00000168938	0.31	0.109978867
ENSG00000137098	0.71	0.109978867
ENSG00000081721	0.32	0.109985259
ENSG00000151287	-0.42	0.110020012
ENSG00000170379	-0.73	0.110205047
ENSG00000111331	0.49	0.110205047
ENSG00000139618	0.64	0.110205047
ENSG00000167384	0.39	0.110205047
ENSG00000145194	-0.97	0.110261625
ENSG00000126461	-0.17	0.110472941
ENSG00000171552	-0.3	0.110682986
ENSG00000114439	-0.32	0.111047558
ENSG00000102241	0.19	0.111054633
ENSG00000183837	1.14	0.111054633
ENSG00000104904	-0.19	0.111155584
ENSG00000128928	-0.32	0.11120564
ENSG00000124120	-0.24	0.111214727
ENSG00000111077	-0.29	0.111312829
ENSG00000197375	0.38	0.111446872
ENSG00000163623	-0.39	0.111514872
ENSG00000154978	-0.38	0.111514872
ENSG00000027075	-1.15	0.111514872
ENSG00000187118	-0.42	0.111530174
ENSG00000168405	-0.6	0.111530174
ENSG00000033050	-0.35	0.111530174
ENSG00000147224	0.44	0.111530174
ENSG00000163479	0.17	0.111581592
ENSG00000118523	-1.37	0.111581592
ENSG00000025772	0.51	0.111581592
ENSG00000155561	0.27	0.111737725
ENSG00000144034	0.39	0.112045941
ENSG00000102802	-0.62	0.112405068
ENSG00000146054	-0.98	0.11253216
ENSG00000147041	1.79	0.112550376
ENSG00000185917	0.27	0.112602354
ENSG00000236383	1.44	0.112613421
ENSG00000064692	1.37	0.112742353
ENSG00000164610	0.44	0.11276645
ENSG00000127955	-0.51	0.112805225
ENSG00000127863	0.79	0.112807249
ENSG00000100580	-0.29	0.112807249
ENSG00000095002	0.43	0.112888473
ENSG00000008324	-0.54	0.112977755
ENSG00000145349	-0.3	0.113065248
ENSG00000108774	-0.24	0.113068261
ENSG00000104823	-0.32	0.113068261
ENSG00000187187	0.47	0.113107052
ENSG00000113621	-0.24	0.113278306
ENSG00000175970	-0.36	0.113278306
ENSG00000167515	0.21	0.113326416
ENSG00000162975	1.87	0.11357344
ENSG00000196605	0.37	0.11357344
ENSG00000237595	1.45	0.113576064
ENSG00000029993	0.38	0.113622495
ENSG00000182118	-0.45	0.113836251
ENSG00000162882	0.78	0.114066409
ENSG00000154589	0.6	0.114124704
ENSG00000154914	-1.44	0.114124704
ENSG00000269834	0.61	0.114124704
ENSG00000187735	0.3	0.11413029
ENSG00000185504	0.29	0.114320954
ENSG00000197694	-0.23	0.114330265
ENSG00000167925	-0.53	0.11441745
ENSG00000184545	1.5	0.114488117
ENSG00000062194	0.17	0.114632508
ENSG00000175895	-0.34	0.114632508
ENSG00000089737	0.23	0.114632508
ENSG00000044446	-0.27	0.114632508
ENSG00000066827	0.42	0.114844888
ENSG00000166816	-1.23	0.114844888
ENSG00000230084	-0.88	0.114914802
ENSG00000126106	-0.58	0.114936184
ENSG00000166483	-0.59	0.115001514
ENSG00000104218	0.34	0.115172086
ENSG00000148426	-0.77	0.115371557
ENSG00000162924	0.44	0.115391644
ENSG00000074410	0.79	0.115582706
ENSG00000198258	-0.25	0.115612483
ENSG00000161040	1.51	0.11566299
ENSG00000113163	-0.43	0.115791594
ENSG00000010322	0.26	0.115827024
ENSG00000249915	-0.25	0.115827024
ENSG00000167863	-0.3	0.115827024
ENSG00000164654	-0.29	0.115877485
ENSG00000008282	-0.28	0.116078633
ENSG00000227060	1.75	0.116149582
ENSG00000250903	0.44	0.116224965
ENSG00000198805	-0.7	0.116246186
ENSG00000187097	-0.3	0.116415764
ENSG00000101333	-0.72	0.116536368
ENSG00000113368	0.87	0.116628932
ENSG00000222011	0.51	0.116635567
ENSG00000184702	0.49	0.117016353
ENSG00000105894	0.64	0.117100755
ENSG00000158555	-0.83	0.117131471
ENSG00000225279	2.51	0.117226968
ENSG00000253982	0.4	0.117226968
ENSG00000173327	-0.25	0.117226968
ENSG00000258788	2.1	0.117226968
ENSG00000105499	1.02	0.117226968
ENSG00000224259	0.9	0.117317296
ENSG00000111752	0.35	0.117408105
ENSG00000146063	-0.29	0.117514528
ENSG00000183154	-1.67	0.117798426
ENSG00000255302	0.15	0.117798426
ENSG00000196724	0.56	0.117824698
ENSG00000167280	0.26	0.117933212
ENSG00000249673	0.33	0.118148355
ENSG00000140950	-0.27	0.118171727
ENSG00000083099	0.23	0.118228572
ENSG00000196139	0.73	0.118304984
ENSG00000137364	0.35	0.118348831
ENSG00000106018	-1.9	0.118348831
ENSG00000118194	-3.08	0.118603884
ENSG00000188732	-0.84	0.118764116
ENSG00000119640	0.68	0.118813007
ENSG00000240350	0.58	0.119269729
ENSG00000188060	0.54	0.119369079
ENSG00000112473	0.24	0.119369079
ENSG00000104765	-0.35	0.119369079
ENSG00000176438	-0.5	0.119369079
ENSG00000204920	0.53	0.119369079
ENSG00000101236	-0.5	0.119369079
ENSG00000165912	0.26	0.119466788
ENSG00000235885	-1.58	0.119501042
ENSG00000130733	0.29	0.119537526
ENSG00000141510	0.43	0.119588702
ENSG00000133316	-0.32	0.120030489
ENSG00000132825	-0.43	0.120443751
ENSG00000273841	-0.46	0.120449691
ENSG00000136960	1.05	0.120449691
ENSG00000102753	-0.27	0.120766959
ENSG00000104043	0.51	0.120799857
ENSG00000180817	0.33	0.120878396
ENSG00000101152	-0.17	0.121091638
ENSG00000235652	0.43	0.121139025
ENSG00000156599	-0.28	0.121263321
ENSG00000187094	-1.29	0.121300556
ENSG00000175106	0.75	0.121419655
ENSG00000262655	-1.79	0.121519991
ENSG00000249307	-2.01	0.121577817
ENSG00000135250	0.23	0.12167085
ENSG00000271344	-1.05	0.121697124
ENSG00000039537	-1.62	0.121703821
ENSG00000197461	-0.55	0.121747627
ENSG00000173281	-0.36	0.121896227
ENSG00000226287	-1.54	0.121909104
ENSG00000156466	1.55	0.121916791
ENSG00000135842	0.71	0.122207175
ENSG00000136715	0.27	0.122360721
ENSG00000105325	0.22	0.122360721
ENSG00000140598	0.34	0.122368838
ENSG00000163125	0.22	0.122373917
ENSG00000123607	-0.23	0.122373917
ENSG00000158158	-0.38	0.12245082
ENSG00000160917	0.27	0.12245082
ENSG00000126821	-0.29	0.12251406
ENSG00000064763	-0.38	0.122626256
ENSG00000089220	-0.18	0.122626256
ENSG00000229481	1.61	0.122626256
ENSG00000237190	-0.35	0.122673794
ENSG00000122299	-0.3	0.122700367
ENSG00000175220	-0.28	0.122750912
ENSG00000156976	0.15	0.122848483
ENSG00000100209	0.36	0.122883274
ENSG00000074603	-0.18	0.122936008
ENSG00000085465	-0.55	0.122956113
ENSG00000143499	-0.31	0.122974229
ENSG00000177076	0.71	0.123028314
ENSG00000174721	1.15	0.123082004
ENSG00000258056	0.45	0.123121741
ENSG00000076248	0.25	0.123121741
ENSG00000182185	0.58	0.123232254
ENSG00000159921	-0.22	0.123412549
ENSG00000172164	-0.52	0.123416443
ENSG00000188647	-0.23	0.123533553
ENSG00000155034	-0.36	0.123768219
ENSG00000105963	-1.78	0.123789142
ENSG00000169826	-0.26	0.123865295
ENSG00000167554	0.54	0.123865295
ENSG00000143889	0.29	0.123965291
ENSG00000137809	1.6	0.124010303
ENSG00000157680	-0.98	0.124096488
ENSG00000128578	0.75	0.124163573
ENSG00000100304	-0.57	0.124193266
ENSG00000124145	0.4	0.124204745
ENSG00000175745	0.46	0.124240935
ENSG00000182667	0.69	0.124401138
ENSG00000244607	-1	0.12454404
ENSG00000271826	-2.14	0.124554874
ENSG00000272888	0.24	0.124630114
ENSG00000113407	0.3	0.124719658
ENSG00000274642	-1.36	0.124891389
ENSG00000132478	0.35	0.124976652
ENSG00000105656	-0.33	0.125088858
ENSG00000179044	1.01	0.125234975
ENSG00000120738	0.82	0.125323831
ENSG00000198934	0.48	0.125696924
ENSG00000150459	-0.18	0.125860854
ENSG00000196967	0.31	0.126047764
ENSG00000170439	1.22	0.126117808
ENSG00000150753	-0.35	0.126365078
ENSG00000185585	1.37	0.126365078
ENSG00000070423	-0.34	0.126365078
ENSG00000079156	0.76	0.126379905
ENSG00000165512	-0.45	0.126379905
ENSG00000118971	0.53	0.126379905
ENSG00000236287	0.24	0.126451856
ENSG00000102390	0.27	0.126451856
ENSG00000085563	0.64	0.126606666
ENSG00000103194	-0.2	0.126606666
ENSG00000177272	1.17	0.126870904
ENSG00000184083	-0.35	0.12697352
ENSG00000108582	-0.58	0.127012454
ENSG00000182963	0.31	0.127056715
ENSG00000087269	-0.22	0.127185428
ENSG00000183530	-0.26	0.127185428
ENSG00000000003	0.38	0.127185428
ENSG00000133027	-0.53	0.127589016
ENSG00000064601	0.28	0.127726203
ENSG00000173482	-0.36	0.127753061
ENSG00000215241	1	0.127897264
ENSG00000265808	-0.33	0.127941297
ENSG00000272645	0.63	0.127941297
ENSG00000204055	1.07	0.127941297
ENSG00000167371	0.72	0.127941297
ENSG00000162931	0.62	0.128293143
ENSG00000163681	-0.43	0.12830173
ENSG00000120697	-0.29	0.128332135
ENSG00000198768	0.71	0.128332135
ENSG00000146776	0.36	0.128419072
ENSG00000111247	0.72	0.128420173
ENSG00000169905	-0.32	0.128614932
ENSG00000153130	-0.27	0.128653334
ENSG00000147454	0.26	0.128686144
ENSG00000116138	-0.2	0.128777076
ENSG00000145757	-0.96	0.128777076
ENSG00000105072	0.33	0.128819151
ENSG00000174775	-0.36	0.128837182
ENSG00000179085	-0.42	0.129174178
ENSG00000168291	-0.28	0.129174178
ENSG00000087884	-0.43	0.129174178
ENSG00000101182	-0.29	0.129174178
ENSG00000228606	-1.26	0.129213525
ENSG00000088256	-0.22	0.129213525
ENSG00000123575	-0.22	0.129353858
ENSG00000165929	-1.21	0.129419571
ENSG00000266028	0.23	0.129544985
ENSG00000179832	-0.27	0.130079618
ENSG00000167555	0.42	0.130079618
ENSG00000020181	0.33	0.130189307
ENSG00000168961	1.23	0.130275135
ENSG00000100983	0.33	0.130275135
ENSG00000177875	-0.97	0.130361176
ENSG00000040487	-0.29	0.130432606
ENSG00000197324	-0.25	0.130584356
ENSG00000147601	0.24	0.130779425
ENSG00000152700	-0.31	0.131086098
ENSG00000167550	-0.92	0.131086098
ENSG00000100197	1.51	0.131086098
ENSG00000184887	-0.23	0.131235705
ENSG00000272668	1.09	0.131592974
ENSG00000108839	0.54	0.131604694
ENSG00000196182	0.36	0.131737833
ENSG00000119048	-0.31	0.131737833
ENSG00000140575	-0.2	0.131737833
ENSG00000125744	-0.36	0.131737833
ENSG00000143028	-1.23	0.131755384
ENSG00000214402	0.87	0.131815066
ENSG00000100034	0.35	0.131905094
ENSG00000146376	-0.25	0.132014401
ENSG00000259146	1.03	0.132031933
ENSG00000124613	0.45	0.13229921
ENSG00000178026	0.39	0.13230848
ENSG00000136108	0.32	0.132324928
ENSG00000183401	0.34	0.132325429
ENSG00000236013	-1.43	0.132531397
ENSG00000262246	-0.72	0.132531397
ENSG00000145365	0.38	0.132671375
ENSG00000145779	-0.4	0.132984612
ENSG00000141258	0.21	0.13305997
ENSG00000168876	-0.34	0.133185394
ENSG00000255031	-0.69	0.133447718
ENSG00000188906	-0.46	0.133535739
ENSG00000125037	-0.25	0.133539292
ENSG00000130382	-0.32	0.133557439
ENSG00000198841	-0.33	0.133571036
ENSG00000136717	0.52	0.133602958
ENSG00000072110	-0.45	0.133602958
ENSG00000131374	0.21	0.133676045
ENSG00000237352	0.77	0.133692202
ENSG00000027001	0.34	0.133895711
ENSG00000214140	0.62	0.134117782
ENSG00000198130	0.27	0.134386368
ENSG00000112699	0.39	0.134386368
ENSG00000184374	1.02	0.134386368
ENSG00000011258	0.3	0.134386368
ENSG00000108688	2.13	0.134387237
ENSG00000186952	1.1	0.134434209
ENSG00000147251	-0.39	0.134446804
ENSG00000154917	0.56	0.134671616
ENSG00000184988	0.83	0.134846831
ENSG00000229657	-0.97	0.135045231
ENSG00000112659	0.32	0.135291885
ENSG00000126001	0.28	0.135442493
ENSG00000267774	-0.55	0.135545173
ENSG00000131943	-0.31	0.135545173
ENSG00000205037	1.66	0.135550985
ENSG00000141384	-0.64	0.135604509
ENSG00000151366	-0.27	0.135716106
ENSG00000186470	0.53	0.135717826
ENSG00000141337	-0.53	0.135732169
ENSG00000026025	0.37	0.135760256
ENSG00000182700	-0.29	0.1359109
ENSG00000237854	0.51	0.1359109
ENSG00000104852	-0.25	0.135942138
ENSG00000163050	0.38	0.135981743
ENSG00000225422	-1.2	0.135981743
ENSG00000164038	-0.26	0.136076984
ENSG00000153989	-0.3	0.136076984
ENSG00000136213	-0.29	0.136076984
ENSG00000149091	0.27	0.136076984
ENSG00000099308	-0.33	0.136076984
ENSG00000117791	-0.42	0.136180749
ENSG00000125841	0.19	0.136276457
ENSG00000137575	0.23	0.136427209
ENSG00000136928	-1.05	0.136580216
ENSG00000115548	-0.31	0.136886058
ENSG00000105088	1.26	0.13697106
ENSG00000131269	0.23	0.13697106
ENSG00000118058	0.26	0.13697238
ENSG00000198939	0.65	0.137114498
ENSG00000149499	-0.27	0.137114498
ENSG00000170581	-0.16	0.13714718
ENSG00000166167	0.26	0.137149526
ENSG00000143442	0.21	0.137606032
ENSG00000164543	0.6	0.137606032
ENSG00000137802	-0.26	0.137606032
ENSG00000179134	-0.26	0.137606032
ENSG00000273247	0.65	0.137722712
ENSG00000188070	0.39	0.137722712
ENSG00000090097	0.25	0.137877619
ENSG00000202198	1.76	0.137877619
ENSG00000006576	0.44	0.13788363
ENSG00000230148	-0.6	0.137945741
ENSG00000136631	0.19	0.138096342
ENSG00000047621	0.35	0.138120887
ENSG00000118655	-0.37	0.138266537
ENSG00000141480	0.35	0.138288266
ENSG00000116903	-0.24	0.13849348
ENSG00000116117	-0.52	0.13849348
ENSG00000250041	1.44	0.13849348
ENSG00000149262	0.24	0.13849348
ENSG00000110060	0.34	0.13849348
ENSG00000111196	0.44	0.13849348
ENSG00000260517	0.72	0.13849348
ENSG00000159055	0.47	0.13849348
ENSG00000117643	0.55	0.138508047
ENSG00000173905	0.28	0.138581086
ENSG00000073670	0.62	0.138660633
ENSG00000186448	0.21	0.138728247
ENSG00000242732	-0.5	0.138728247
ENSG00000204219	0.71	0.13873374
ENSG00000152223	-0.35	0.138823191
ENSG00000146476	-0.21	0.139135907
ENSG00000138771	-0.57	0.139161749
ENSG00000196313	-0.26	0.139161749
ENSG00000175581	0.3	0.13946334
ENSG00000183255	-0.34	0.139511641
ENSG00000113732	-0.27	0.139544718
ENSG00000135686	-0.26	0.139544718
ENSG00000119729	-0.22	0.139896302
ENSG00000188227	0.9	0.139896302
ENSG00000130811	-0.23	0.13995779
ENSG00000100490	-0.52	0.140113137
ENSG00000100522	-0.25	0.140178909
ENSG00000205250	-0.31	0.140284812
ENSG00000154889	-0.25	0.14031943
ENSG00000064205	0.88	0.14031943
ENSG00000165516	-0.32	0.140347197
ENSG00000163297	-0.4	0.140548222
ENSG00000274276	-1.47	0.140548222
ENSG00000174327	0.64	0.140889641
ENSG00000214029	0.42	0.140896652
ENSG00000090273	-0.23	0.141041185
ENSG00000260279	0.77	0.141133742
ENSG00000234456	-0.21	0.141347903
ENSG00000260589	0.9	0.141381829
ENSG00000104312	0.29	0.141477039
ENSG00000140326	0.3	0.141531668
ENSG00000092140	-0.23	0.141560735
ENSG00000132669	-0.33	0.141650105
ENSG00000161149	1.9	0.141909293
ENSG00000160781	-0.92	0.142387335
ENSG00000238120	0.45	0.142577942
ENSG00000260077	0.8	0.142578314
ENSG00000119899	-0.52	0.142651765
ENSG00000163902	-0.23	0.14300377
ENSG00000121769	0.68	0.143052038
ENSG00000105976	-0.55	0.143052038
ENSG00000186868	0.86	0.14331794
ENSG00000114115	1.38	0.14332153
ENSG00000125629	-0.38	0.143639136
ENSG00000182095	-0.15	0.144101063
ENSG00000106771	-0.22	0.144448599
ENSG00000182944	-0.22	0.144448599
ENSG00000185621	0.3	0.14456413
ENSG00000164463	-0.44	0.144567079
ENSG00000250033	1.69	0.144629369
ENSG00000188368	1.21	0.144629369
ENSG00000172216	-0.42	0.14469768
ENSG00000146386	-0.58	0.144704417
ENSG00000196437	0.44	0.14477741
ENSG00000143164	-0.32	0.144856756
ENSG00000172748	0.56	0.145058428
ENSG00000089225	0.39	0.145243122
ENSG00000148358	-0.26	0.145369102
ENSG00000239332	1.07	0.145377396
ENSG00000109066	-0.26	0.145434462
ENSG00000227496	-1.06	0.145482304
ENSG00000141741	-0.24	0.145981363
ENSG00000163516	-0.26	0.146119579
ENSG00000149050	0.41	0.146119579
ENSG00000150687	0.7	0.146119579
ENSG00000251034	-0.61	0.146190194
ENSG00000261136	0.68	0.146209943
ENSG00000069275	0.21	0.146261922
ENSG00000125968	-0.73	0.146778856
ENSG00000019485	-0.47	0.146900064
ENSG00000123395	-0.29	0.146900064
ENSG00000198964	0.34	0.146928348
ENSG00000151729	-0.66	0.146980531
ENSG00000154839	1.04	0.146980531
ENSG00000071794	0.25	0.14712421
ENSG00000088833	0.19	0.147342257
ENSG00000157911	0.36	0.147356382
ENSG00000231028	1.4	0.147431175
ENSG00000174996	-0.3	0.147431175
ENSG00000139974	0.22	0.147431175
ENSG00000143157	-0.22	0.147438386
ENSG00000101452	-0.27	0.147582356
ENSG00000104853	-0.19	0.147827526
ENSG00000235374	-0.66	0.14800294
ENSG00000119820	-0.32	0.148523586
ENSG00000162976	-0.38	0.148558089
ENSG00000064787	2.69	0.148558089
ENSG00000141562	0.23	0.14871674
ENSG00000170390	-0.49	0.149389464
ENSG00000168434	0.26	0.149389464
ENSG00000133597	-0.46	0.149422239
ENSG00000003137	1.15	0.149511177
ENSG00000130176	-0.64	0.149511177
ENSG00000102125	-0.31	0.149511177
ENSG00000116747	-0.22	0.149527882
ENSG00000128159	-0.28	0.149527882
ENSG00000171311	0.26	0.149700876
ENSG00000187605	0.4	0.1497517
ENSG00000120889	0.31	0.1497517
ENSG00000178878	0.91	0.149844376
ENSG00000108515	-0.62	0.149844376
ENSG00000177191	-0.52	0.149844376
ENSG00000186814	0.35	0.150117015
ENSG00000115514	-0.26	0.150209365
ENSG00000136068	-0.44	0.150209365
ENSG00000109458	0.35	0.150209365
ENSG00000168564	-0.31	0.150318685
ENSG00000264345	1.98	0.150572307
ENSG00000135845	-0.3	0.15058654
ENSG00000227398	0.67	0.150809357
ENSG00000130810	-0.79	0.15098218
ENSG00000139734	-0.55	0.151044215
ENSG00000272070	0.72	0.151262764
ENSG00000231290	1.47	0.15136857
ENSG00000164054	-0.15	0.151450227
ENSG00000228274	0.63	0.151450227
ENSG00000116266	-0.19	0.151742781
ENSG00000232112	-0.39	0.152005553
ENSG00000204623	0.48	0.152005553
ENSG00000168264	0.35	0.152106509
ENSG00000246174	0.81	0.15245439
ENSG00000181588	0.38	0.15245439
ENSG00000125356	-0.21	0.152503768
ENSG00000237440	0.52	0.152586431
ENSG00000271425	0.48	0.152681568
ENSG00000067225	0.35	0.152767661
ENSG00000134049	-0.31	0.152827695
ENSG00000070476	-0.33	0.152992708
ENSG00000136010	0.28	0.153067244
ENSG00000070269	0.26	0.153067244
ENSG00000102452	-0.91	0.15310941
ENSG00000196189	0.6	0.153122835
ENSG00000181788	-0.23	0.153516956
ENSG00000103707	-0.32	0.153613322
ENSG00000135870	-0.21	0.153625727
ENSG00000233695	1.25	0.153806275
ENSG00000204977	-0.23	0.154024871
ENSG00000171316	-1.75	0.154196763
ENSG00000174744	-0.27	0.154280904
ENSG00000110218	-0.34	0.154461604
ENSG00000198026	0.22	0.154461604
ENSG00000139971	0.61	0.155032399
ENSG00000014914	0.43	0.155103105
ENSG00000076356	0.54	0.155170784
ENSG00000173276	-0.4	0.155196962
ENSG00000196912	0.6	0.155337219
ENSG00000246982	0.82	0.155337219
ENSG00000178342	-1.21	0.155337219
ENSG00000103145	0.36	0.155592093
ENSG00000143643	-0.46	0.155739015
ENSG00000071859	-0.27	0.155739015
ENSG00000112139	0.53	0.156020748
ENSG00000241978	-0.94	0.156020748
ENSG00000121897	0.39	0.156042233
ENSG00000060069	-0.3	0.156054238
ENSG00000204767	0.82	0.156196174
ENSG00000172803	0.55	0.156196174
ENSG00000188342	0.37	0.156252809
ENSG00000134152	-0.28	0.156252809
ENSG00000059588	0.32	0.156333087
ENSG00000144285	-1.23	0.156342148
ENSG00000120594	-1.35	0.156596311
ENSG00000223496	0.34	0.156714596
ENSG00000108518	-0.29	0.156714596
ENSG00000160014	0.17	0.156812067
ENSG00000259807	0.88	0.156876038
ENSG00000111540	-0.23	0.156888203
ENSG00000081803	-1.47	0.157003378
ENSG00000145817	0.25	0.157095227
ENSG00000103066	-0.39	0.157095227
ENSG00000109099	0.23	0.157095227
ENSG00000163554	1.76	0.15711134
ENSG00000088305	0.69	0.15715234
ENSG00000198892	-0.29	0.15717115
ENSG00000250286	1.62	0.157551973
ENSG00000001036	0.25	0.15764868
ENSG00000137216	0.25	0.157705491
ENSG00000140044	0.33	0.157869055
ENSG00000173193	0.16	0.157897017
ENSG00000160695	0.24	0.157964041
ENSG00000168906	-0.23	0.158104271
ENSG00000109576	0.6	0.158197468
ENSG00000125962	0.35	0.158197468
ENSG00000138674	0.18	0.158216769
ENSG00000162434	-0.23	0.15839976
ENSG00000133687	-0.66	0.158804703
ENSG00000135740	0.37	0.158804703
ENSG00000138641	-0.48	0.158862834
ENSG00000174669	0.96	0.158862834
ENSG00000138095	0.15	0.158900963
ENSG00000134013	0.67	0.158900963
ENSG00000148154	-0.67	0.159016793
ENSG00000133026	-0.62	0.159018534
ENSG00000104824	0.19	0.15902232
ENSG00000187626	0.34	0.159227819
ENSG00000010030	0.95	0.159289021
ENSG00000096092	-0.41	0.159289021
ENSG00000172893	0.52	0.159289021
ENSG00000142677	-1.21	0.159346055
ENSG00000183431	-0.18	0.159721899
ENSG00000196459	0.5	0.159721899
ENSG00000111799	0.25	0.159843535
ENSG00000157404	0.41	0.159844937
ENSG00000222112	-0.87	0.159984876
ENSG00000158435	-0.21	0.160226939
ENSG00000106344	-0.36	0.160226939
ENSG00000129083	-0.21	0.160226939
ENSG00000163754	-0.23	0.160233997
ENSG00000242715	0.67	0.160233997
ENSG00000085224	0.23	0.160233997
ENSG00000218027	1.67	0.160311635
ENSG00000151532	-0.18	0.160546882
ENSG00000177599	0.66	0.16056972
ENSG00000126368	0.43	0.160765926
ENSG00000095303	-0.71	0.16088605
ENSG00000267102	-0.75	0.16088605
ENSG00000115020	-0.24	0.16090756
ENSG00000162894	-1.83	0.161075528
ENSG00000188493	0.26	0.161075528
ENSG00000048140	-0.23	0.161155803
ENSG00000143258	0.34	0.161235387
ENSG00000171160	0.41	0.161235387
ENSG00000150054	-1.09	0.161511799
ENSG00000068976	1.04	0.161718568
ENSG00000235169	0.85	0.161723835
ENSG00000233184	0.55	0.161724215
ENSG00000274718	1.76	0.161724215
ENSG00000133961	-0.2	0.161820492
ENSG00000143333	-0.93	0.161985975
ENSG00000136531	0.87	0.161985975
ENSG00000235501	-0.56	0.162021343
ENSG00000198324	-0.48	0.162277603
ENSG00000164011	0.32	0.162447777
ENSG00000215012	-0.39	0.162447777
ENSG00000064703	-0.31	0.162530637
ENSG00000279822	1.23	0.162597573
ENSG00000172345	0.41	0.162597573
ENSG00000170004	0.15	0.162686586
ENSG00000142188	-0.38	0.162766043
ENSG00000258793	1.09	0.162929813
ENSG00000137656	0.3	0.162982275
ENSG00000162714	0.25	0.163377696
ENSG00000225733	-0.28	0.163377696
ENSG00000155506	-0.25	0.163440321
ENSG00000166323	1.16	0.163586196
ENSG00000187244	0.36	0.163586196
ENSG00000187151	-1.43	0.163651534
ENSG00000155760	0.44	0.163893592
ENSG00000171791	0.43	0.164163854
ENSG00000170540	-0.28	0.164373736
ENSG00000250889	-1.22	0.16448149
ENSG00000213713	-0.39	0.164655496
ENSG00000160013	-0.62	0.164655496
ENSG00000279894	-1.2	0.164681893
ENSG00000172137	0.94	0.164731394
ENSG00000236144	-0.43	0.16497284
ENSG00000164776	0.7	0.165007176
ENSG00000143401	0.25	0.165123371
ENSG00000136709	-0.21	0.165355761
ENSG00000168395	-0.3	0.165369056
ENSG00000244738	2.25	0.165602134
ENSG00000185100	0.67	0.165839602
ENSG00000281344	0.71	0.165939779
ENSG00000282943	1.52	0.166247492
ENSG00000091128	-1.34	0.166419408
ENSG00000277715	0.99	0.166595576
ENSG00000074054	-0.2	0.166609548
ENSG00000145040	-1.02	0.16673567
ENSG00000110395	-0.32	0.16673567
ENSG00000125633	0.22	0.167318415
ENSG00000180479	0.48	0.167323202
ENSG00000110811	0.33	0.167452026
ENSG00000073584	0.22	0.167466901
ENSG00000126247	-0.16	0.167474939
ENSG00000182261	-1.56	0.167686832
ENSG00000160111	0.59	0.167732354
ENSG00000131019	0.71	0.16773588
ENSG00000166289	-0.61	0.16773588
ENSG00000119471	-0.25	0.167762344
ENSG00000268858	0.55	0.167762344
ENSG00000110046	-0.24	0.167985231
ENSG00000213366	0.27	0.16802932
ENSG00000159579	0.25	0.168063811
ENSG00000076650	0.31	0.168063811
ENSG00000178980	-0.21	0.168063811
ENSG00000108924	-1.2	0.168079104
ENSG00000068308	-0.17	0.168696133
ENSG00000111671	0.41	0.168717489
ENSG00000165868	0.73	0.168950901
ENSG00000111412	-0.27	0.168950901
ENSG00000247556	-0.23	0.168950901
ENSG00000166855	-0.2	0.168950901
ENSG00000132031	-0.68	0.169195913
ENSG00000103160	0.23	0.169195913
ENSG00000250539	1.7	0.169590496
ENSG00000143624	0.18	0.169829029
ENSG00000173960	-0.3	0.169829029
ENSG00000230295	1.69	0.169829029
ENSG00000011028	0.23	0.169829029
ENSG00000263004	0.76	0.169996919
ENSG00000090674	-0.26	0.169999429
ENSG00000104976	-0.39	0.169999429
ENSG00000124216	0.58	0.170090298
ENSG00000183814	0.62	0.170172299
ENSG00000086619	-0.39	0.170172299
ENSG00000118260	0.3	0.170172299
ENSG00000226314	0.6	0.170172299
ENSG00000168116	0.37	0.170172299
ENSG00000148834	-0.44	0.170172299
ENSG00000225398	0.61	0.170192597
ENSG00000251348	-0.91	0.170478543
ENSG00000183644	-1.32	0.170478543
ENSG00000135437	0.75	0.17062053
ENSG00000165898	-0.33	0.170698317
ENSG00000101928	-0.36	0.170698317
ENSG00000150995	-0.45	0.170807011
ENSG00000121680	-0.31	0.170869745
ENSG00000140025	0.48	0.170937836
ENSG00000100523	0.17	0.170964117
ENSG00000116191	0.35	0.171735909
ENSG00000101335	-0.51	0.172015397
ENSG00000214922	0.93	0.17243424
ENSG00000185721	-0.19	0.172557429
ENSG00000125257	-0.52	0.172723491
ENSG00000145996	0.3	0.172758468
ENSG00000073060	0.57	0.172918721
ENSG00000197208	0.94	0.173105489
ENSG00000260966	-0.6	0.17313125
ENSG00000241935	-0.75	0.173329491
ENSG00000105221	0.19	0.173346585
ENSG00000270964	1.01	0.173779172
ENSG00000131725	-0.24	0.173807409
ENSG00000183828	0.47	0.174087216
ENSG00000172175	-0.52	0.174198947
ENSG00000225791	-0.35	0.1743052
ENSG00000226321	1.66	0.174484902
ENSG00000213246	-0.23	0.174550759
ENSG00000167601	-0.16	0.174750613
ENSG00000162139	0.46	0.174834724
ENSG00000196365	0.31	0.174913556
ENSG00000254319	1.02	0.174975394
ENSG00000204116	0.21	0.174975394
ENSG00000111817	-0.23	0.175371837
ENSG00000237499	-1.17	0.175499707
ENSG00000128731	-0.19	0.175499707
ENSG00000185379	0.27	0.175499707
ENSG00000170604	0.32	0.175499707
ENSG00000197128	0.49	0.175499707
ENSG00000247315	0.24	0.175499707
ENSG00000070759	0.48	0.175644299
ENSG00000224228	-1.8	0.175644299
ENSG00000118526	-0.44	0.175644299
ENSG00000146828	-0.32	0.175644299
ENSG00000198040	0.33	0.175644299
ENSG00000080371	-0.2	0.1756809
ENSG00000164051	-0.47	0.175914502
ENSG00000114331	0.21	0.175962614
ENSG00000170027	-0.18	0.175962614
ENSG00000265491	-0.23	0.175964981
ENSG00000167904	0.28	0.176043654
ENSG00000234684	0.55	0.176324415
ENSG00000118960	-0.23	0.176366462
ENSG00000120149	1.13	0.176366462
ENSG00000000419	-0.2	0.176398356
ENSG00000100271	0.3	0.17641772
ENSG00000064961	-0.21	0.176470238
ENSG00000116096	-0.27	0.176752657
ENSG00000177465	-1.57	0.176776059
ENSG00000228343	-0.43	0.176840194
ENSG00000162971	0.28	0.176908394
ENSG00000163281	-0.29	0.176908394
ENSG00000259236	1.08	0.176967386
ENSG00000128487	0.86	0.176967386
ENSG00000173762	-1.11	0.176967386
ENSG00000188921	-0.36	0.1770718
ENSG00000197296	-0.3	0.177124671
ENSG00000162521	0.17	0.177391127
ENSG00000075568	0.23	0.177391127
ENSG00000166845	0.4	0.177478359
ENSG00000107854	0.25	0.177728222
ENSG00000003756	0.18	0.177886211
ENSG00000141456	0.18	0.177930306
ENSG00000158636	0.23	0.178201753
ENSG00000177380	0.64	0.178290431
ENSG00000188321	0.33	0.178489553
ENSG00000115935	-0.19	0.178588111
ENSG00000180008	-0.21	0.178650202
ENSG00000101457	0.29	0.178650202
ENSG00000081307	0.28	0.178695292
ENSG00000110315	-0.43	0.178695292
ENSG00000099246	-0.15	0.17878646
ENSG00000160352	0.56	0.179085694
ENSG00000037749	-0.23	0.179128906
ENSG00000108448	0.4	0.179128906
ENSG00000185359	-0.24	0.179658233
ENSG00000173898	0.76	0.179725868
ENSG00000145375	-0.38	0.179767313
ENSG00000164061	0.82	0.179988896
ENSG00000178234	-0.22	0.179988896
ENSG00000116670	-0.27	0.18007147
ENSG00000132510	0.38	0.18007147
ENSG00000164168	-0.28	0.180101917
ENSG00000033178	0.23	0.180149235
ENSG00000236283	2	0.180379773
ENSG00000236882	-1.16	0.180379773
ENSG00000141448	0.63	0.180583827
ENSG00000125124	0.27	0.180949405
ENSG00000173846	0.32	0.181125956
ENSG00000143179	-0.37	0.181378059
ENSG00000226312	-1.01	0.181378059
ENSG00000135185	-0.38	0.181378059
ENSG00000185437	0.44	0.181378059
ENSG00000148331	-0.18	0.181450573
ENSG00000119777	-0.21	0.18163005
ENSG00000273343	1.22	0.181699971
ENSG00000137312	-0.2	0.181762436
ENSG00000135378	-1.41	0.181837926
ENSG00000156453	1.55	0.18192663
ENSG00000167632	-0.21	0.18192663
ENSG00000164342	0.63	0.181937464
ENSG00000108100	-0.19	0.181937464
ENSG00000166446	-0.69	0.181937464
ENSG00000172817	-1.11	0.182146702
ENSG00000226757	-1.21	0.182167081
ENSG00000110075	-0.16	0.182167081
ENSG00000076770	0.38	0.182343114
ENSG00000255717	0.23	0.182344608
ENSG00000197608	0.4	0.182460164
ENSG00000134285	-0.35	0.182648914
ENSG00000177917	-0.3	0.182826104
ENSG00000185825	-0.23	0.182826104
ENSG00000185298	-0.29	0.183043696
ENSG00000142731	0.7	0.183368428
ENSG00000181982	0.19	0.18340241
ENSG00000163093	0.4	0.183427228
ENSG00000136630	-0.31	0.183521915
ENSG00000163406	1.29	0.183521915
ENSG00000249042	0.54	0.183521915
ENSG00000179364	-0.14	0.183521915
ENSG00000164604	0.67	0.183574628
ENSG00000115504	0.25	0.183713558
ENSG00000187840	0.3	0.183988049
ENSG00000187051	-0.28	0.183992392
ENSG00000183891	-0.56	0.184301031
ENSG00000203644	-0.59	0.184301031
ENSG00000102710	0.26	0.184367421
ENSG00000197965	-0.23	0.18445199
ENSG00000170502	-0.21	0.184517001
ENSG00000204592	-0.3	0.184524576
ENSG00000131711	0.45	0.184628687
ENSG00000112877	0.8	0.184658192
ENSG00000112033	-0.22	0.184658192
ENSG00000083168	0.22	0.184658192
ENSG00000175513	1.13	0.184658192
ENSG00000120675	-0.38	0.184658192
ENSG00000169727	-0.14	0.184658192
ENSG00000178951	-0.21	0.184658192
ENSG00000104863	0.59	0.184658192
ENSG00000144524	0.25	0.18469579
ENSG00000198440	0.33	0.184821537
ENSG00000124225	1.01	0.185033061
ENSG00000186635	0.18	0.18505133
ENSG00000228784	1.78	0.185177233
ENSG00000103855	0.31	0.185394525
ENSG00000099330	-0.32	0.185441092
ENSG00000001626	1.03	0.185664147
ENSG00000224424	0.95	0.186085951
ENSG00000224078	0.21	0.186085951
ENSG00000182492	0.4	0.186085951
ENSG00000053372	-0.25	0.186258969
ENSG00000075426	-0.27	0.186258969
ENSG00000123159	-0.23	0.186484741
ENSG00000279254	1.4	0.186497428
ENSG00000106080	0.19	0.186903524
ENSG00000122435	0.3	0.18813636
ENSG00000155329	-0.34	0.188314552
ENSG00000077312	0.33	0.188576448
ENSG00000100335	-0.19	0.188651923
ENSG00000130511	0.36	0.189024413
ENSG00000273243	-1.36	0.189257234
ENSG00000176927	-0.82	0.189397675
ENSG00000130962	-0.35	0.189466473
ENSG00000173567	0.84	0.189524238
ENSG00000167962	-0.39	0.189524238
ENSG00000161677	-0.47	0.189524238
ENSG00000184194	0.58	0.190033313
ENSG00000175224	-0.25	0.190073554
ENSG00000166450	0.9	0.190073554
ENSG00000162526	1.2	0.190246984
ENSG00000101470	0.84	0.19035105
ENSG00000273253	0.77	0.190717523
ENSG00000171867	0.22	0.190793908
ENSG00000198911	0.38	0.190917865
ENSG00000103319	-0.41	0.191012069
ENSG00000164742	2.24	0.19109421
ENSG00000091490	0.49	0.191541516
ENSG00000169813	-0.27	0.191550434
ENSG00000133398	-0.23	0.191621911
ENSG00000133884	0.17	0.191700796
ENSG00000160058	0.18	0.192069762
ENSG00000132832	1.26	0.19212074
ENSG00000093010	-0.25	0.192165067
ENSG00000101977	-1.66	0.192282569
ENSG00000105514	-0.42	0.192495227
ENSG00000187210	-0.63	0.19249834
ENSG00000239763	1.01	0.19249834
ENSG00000138443	0.24	0.192927866
ENSG00000112096	-0.53	0.192935691
ENSG00000236404	0.82	0.192935691
ENSG00000270629	0.4	0.193007498
ENSG00000082213	-0.35	0.193085603
ENSG00000176410	0.36	0.193146759
ENSG00000113595	-0.23	0.193273691
ENSG00000048471	-0.48	0.193434653
ENSG00000164112	-0.96	0.193462692
ENSG00000109919	-0.2	0.193602802
ENSG00000273055	-0.63	0.193822836
ENSG00000144583	-0.72	0.194046805
ENSG00000119681	0.25	0.19436606
ENSG00000173473	0.22	0.194699854
ENSG00000120820	0.37	0.194707149
ENSG00000089723	0.54	0.195288043
ENSG00000082641	-0.27	0.195288043
ENSG00000265681	-0.55	0.195288043
ENSG00000115556	0.4	0.1953175
ENSG00000166411	-0.26	0.195396373
ENSG00000189079	0.25	0.19550855
ENSG00000261351	-1.24	0.19550855
ENSG00000175182	-0.32	0.195691037
ENSG00000169519	0.35	0.195691037
ENSG00000173992	0.25	0.19584122
ENSG00000100075	-0.27	0.19584122
ENSG00000228495	1.76	0.195854507
ENSG00000124508	0.36	0.195913674
ENSG00000206658	-1.34	0.196054811
ENSG00000196233	-0.24	0.196054811
ENSG00000198003	1.07	0.196054811
ENSG00000246695	-0.42	0.196275868
ENSG00000175600	-0.43	0.196302867
ENSG00000177732	0.52	0.196602526
ENSG00000146414	0.37	0.196950126
ENSG00000132716	-0.21	0.197204441
ENSG00000112419	-0.41	0.197220454
ENSG00000261578	-1.08	0.197220454
ENSG00000184436	0.27	0.197220454
ENSG00000261730	0.6	0.197253886
ENSG00000178105	-0.28	0.197253886
ENSG00000100796	0.21	0.197253886
ENSG00000177981	0.26	0.19728336
ENSG00000263072	0.39	0.197459545
ENSG00000105364	-0.26	0.197459545
ENSG00000101343	-0.2	0.197459545
ENSG00000134575	-0.37	0.197749458
ENSG00000138768	-0.21	0.197972807
ENSG00000113083	-0.49	0.197972807
ENSG00000137288	0.4	0.197972807
ENSG00000188158	0.43	0.197972807
ENSG00000198055	-0.32	0.198010989
ENSG00000161010	0.29	0.198010989
ENSG00000176105	0.2	0.198010989
ENSG00000055211	-0.28	0.198108689
ENSG00000110446	-0.25	0.198251324
ENSG00000022567	-0.3	0.198458137
ENSG00000168374	-0.24	0.19861768
ENSG00000197847	-1.04	0.19861768
ENSG00000179041	-0.42	0.198618514
ENSG00000120278	0.48	0.198664918
ENSG00000065989	-0.23	0.198664918
ENSG00000198835	0.7	0.198927421
ENSG00000182093	-0.27	0.198927421
ENSG00000111846	-1.05	0.199066868
ENSG00000130312	-0.25	0.199066868
ENSG00000143641	-0.23	0.1991859
ENSG00000174574	-0.32	0.19938212
ENSG00000250722	-0.48	0.19938212
ENSG00000116514	0.35	0.19944297
ENSG00000135312	-2.68	0.19944297
ENSG00000265298	-0.59	0.199639176
ENSG00000167815	0.24	0.199751297
ENSG00000054523	-0.17	0.199846063
ENSG00000151576	-0.26	0.199949483
ENSG00000183570	-1.74	0.200180044
ENSG00000106785	0.49	0.200308263
ENSG00000114520	-0.22	0.20054181
ENSG00000176125	-0.81	0.20054181
ENSG00000011009	-0.22	0.201029782
ENSG00000174021	-0.35	0.201048964
ENSG00000151090	-0.41	0.201048964
ENSG00000244218	1.25	0.201055282
ENSG00000197580	0.7	0.201088133
ENSG00000248671	1.38	0.201409195
ENSG00000087301	-0.41	0.20195828
ENSG00000196081	0.96	0.202005418
ENSG00000164096	0.48	0.202145609
ENSG00000157637	-0.26	0.202179516
ENSG00000179859	-0.49	0.202346292
ENSG00000037241	-0.27	0.202432921
ENSG00000258704	1.21	0.202432921
ENSG00000160796	-0.38	0.202442051
ENSG00000137203	1.14	0.202511984
ENSG00000137628	0.25	0.202741911
ENSG00000204397	0.48	0.202873224
ENSG00000163040	0.43	0.203007107
ENSG00000101911	-0.24	0.203196267
ENSG00000102409	0.23	0.203196267
ENSG00000120549	0.99	0.203320924
ENSG00000183576	-0.23	0.203320924
ENSG00000172086	-0.23	0.203499354
ENSG00000130818	0.2	0.203499354
ENSG00000141447	0.35	0.203523663
ENSG00000168209	-0.67	0.203529092
ENSG00000159239	0.41	0.203753276
ENSG00000168137	0.22	0.203753276
ENSG00000183111	0.61	0.203753276
ENSG00000197653	0.64	0.203753276
ENSG00000002016	0.3	0.203844431
ENSG00000127804	0.24	0.203844431
ENSG00000137171	0.26	0.2038915
ENSG00000134594	0.96	0.203925934
ENSG00000159596	0.22	0.203958322
ENSG00000144028	0.18	0.203958322
ENSG00000110844	0.32	0.203958322
ENSG00000196700	0.3	0.203958322
ENSG00000111897	-0.27	0.204069545
ENSG00000156313	-0.49	0.204158681
ENSG00000162929	0.35	0.204448468
ENSG00000272622	-0.83	0.204863404
ENSG00000204852	0.23	0.205024001
ENSG00000144452	1.51	0.205027767
ENSG00000117411	0.24	0.205034189
ENSG00000246627	1.14	0.205034189
ENSG00000256802	1.02	0.205034189
ENSG00000007392	0.18	0.205034189
ENSG00000161544	0.33	0.205034189
ENSG00000185261	-0.4	0.205334005
ENSG00000112039	-0.32	0.205334005
ENSG00000188566	-0.26	0.205364351
ENSG00000141576	-0.82	0.205453775
ENSG00000169554	0.3	0.205624187
ENSG00000153827	-0.17	0.205671811
ENSG00000165816	1.68	0.205827319
ENSG00000049541	0.33	0.205953833
ENSG00000240204	1.78	0.205998483
ENSG00000107984	-0.44	0.206070724
ENSG00000111653	0.28	0.206070724
ENSG00000142208	-0.21	0.206070724
ENSG00000238045	0.4	0.206070724
ENSG00000083799	0.2	0.206070724
ENSG00000143353	-0.3	0.20608154
ENSG00000205356	-0.2	0.206093891
ENSG00000156467	0.22	0.206093891
ENSG00000149260	0.33	0.206093891
ENSG00000259456	0.63	0.206093891
ENSG00000118690	-0.56	0.206208811
ENSG00000105254	-0.23	0.206208811
ENSG00000125347	0.45	0.20621369
ENSG00000196937	-0.46	0.206345003
ENSG00000065457	0.24	0.206417863
ENSG00000199133	-1.38	0.206751155
ENSG00000166012	-0.18	0.206879016
ENSG00000184319	0.4	0.206926588
ENSG00000159128	0.22	0.207118234
ENSG00000048991	0.22	0.207279547
ENSG00000227014	-1.49	0.207356632
ENSG00000006634	0.33	0.207470161
ENSG00000102878	0.55	0.207470161
ENSG00000230615	0.82	0.207494198
ENSG00000104472	-0.26	0.207494198
ENSG00000139625	0.25	0.207494198
ENSG00000269940	-0.89	0.207679367
ENSG00000155393	-0.44	0.207784547
ENSG00000204256	0.18	0.208084777
ENSG00000105393	-0.32	0.208129135
ENSG00000188599	-0.42	0.208260135
ENSG00000144659	-0.22	0.208350783
ENSG00000110881	0.41	0.208351961
ENSG00000123999	-0.72	0.208419662
ENSG00000118307	1.03	0.208530758
ENSG00000166106	-0.53	0.208653507
ENSG00000198042	-0.37	0.208734581
ENSG00000102100	-0.2	0.208812879
ENSG00000064932	-0.29	0.209166376
ENSG00000130518	0.81	0.209223375
ENSG00000182107	-0.91	0.209338382
ENSG00000117013	-1.54	0.209358182
ENSG00000124570	0.23	0.209957193
ENSG00000213071	-1.48	0.210152507
ENSG00000101350	-0.15	0.210152507
ENSG00000184939	0.33	0.210337676
ENSG00000213563	-0.32	0.210380433
ENSG00000118508	0.33	0.210552046
ENSG00000188385	1.34	0.210552046
ENSG00000164509	1.27	0.210575735
ENSG00000143458	-0.27	0.210632303
ENSG00000159885	0.57	0.210632303
ENSG00000129235	-0.31	0.210682881
ENSG00000079931	0.32	0.210977642
ENSG00000100439	0.22	0.211020491
ENSG00000128815	-0.93	0.211243075
ENSG00000255100	-1.21	0.211248165
ENSG00000013441	-0.26	0.211253708
ENSG00000109670	0.25	0.211253708
ENSG00000091844	0.66	0.211253708
ENSG00000139668	0.34	0.211301716
ENSG00000176692	-0.57	0.21145215
ENSG00000175606	-0.31	0.211554397
ENSG00000100393	-0.16	0.211554397
ENSG00000138069	-0.18	0.212676807
ENSG00000244586	0.93	0.212822403
ENSG00000164597	0.21	0.212847846
ENSG00000170946	-0.25	0.212904986
ENSG00000163900	-0.3	0.21312066
ENSG00000102606	-0.26	0.213255419
ENSG00000086848	-0.55	0.213260049
ENSG00000198700	0.14	0.213427436
ENSG00000107263	-0.23	0.213427436
ENSG00000165323	0.69	0.213427436
ENSG00000167766	0.22	0.213427436
ENSG00000196562	0.81	0.213427436
ENSG00000129682	1.49	0.213427436
ENSG00000116685	-0.16	0.213535777
ENSG00000165078	0.71	0.213535777
ENSG00000140853	-0.18	0.213535777
ENSG00000163328	0.36	0.213558225
ENSG00000131504	-0.3	0.213595479
ENSG00000109320	0.21	0.213683152
ENSG00000101966	-0.2	0.213922148
ENSG00000134146	-0.36	0.214159108
ENSG00000245532	0.44	0.214172199
ENSG00000171246	1.03	0.214267608
ENSG00000271817	1.52	0.214275456
ENSG00000165338	0.25	0.214275456
ENSG00000141905	-0.19	0.214275456
ENSG00000236540	-0.43	0.214275456
ENSG00000239305	-0.33	0.215253024
ENSG00000104903	-1.64	0.215723589
ENSG00000109762	-0.33	0.215986277
ENSG00000177200	-0.31	0.216152764
ENSG00000114388	0.28	0.216578747
ENSG00000175455	0.34	0.216578747
ENSG00000167311	1.26	0.216578747
ENSG00000139146	-0.37	0.216578747
ENSG00000102978	-0.19	0.216578747
ENSG00000235649	0.88	0.216578747
ENSG00000137563	-0.37	0.216833034
ENSG00000171962	0.37	0.216986587
ENSG00000105737	0.48	0.217128866
ENSG00000260948	-0.52	0.217167337
ENSG00000174749	-0.45	0.217167337
ENSG00000137842	-0.38	0.217167337
ENSG00000100918	0.59	0.217250001
ENSG00000147044	0.33	0.217325578
ENSG00000176723	0.51	0.217374455
ENSG00000104812	-0.58	0.217374455
ENSG00000185052	-1.67	0.217374455
ENSG00000171388	0.9	0.217374455
ENSG00000176834	-0.26	0.21740177
ENSG00000142784	-0.23	0.217414206
ENSG00000196576	0.3	0.217414206
ENSG00000181322	-0.92	0.217513397
ENSG00000138642	0.37	0.217513397
ENSG00000163644	-0.44	0.217628142
ENSG00000040199	-0.34	0.217722615
ENSG00000160131	-0.18	0.217771212
ENSG00000151632	0.6	0.217821144
ENSG00000107581	-0.19	0.218448864
ENSG00000099949	-0.26	0.218802399
ENSG00000122390	0.2	0.218849925
ENSG00000167257	0.29	0.218916865
ENSG00000143919	0.4	0.219390808
ENSG00000134201	0.72	0.219425961
ENSG00000100297	-0.32	0.219425961
ENSG00000162885	0.33	0.219491714
ENSG00000119689	-0.23	0.219522836
ENSG00000117266	0.99	0.219615827
ENSG00000158406	0.48	0.219692881
ENSG00000158104	-0.54	0.219741774
ENSG00000013016	-0.53	0.219784814
ENSG00000203668	-0.38	0.219900615
ENSG00000115275	-0.25	0.219900615
ENSG00000065518	0.23	0.220092417
ENSG00000083817	0.37	0.220256623
ENSG00000197122	-0.22	0.220256623
ENSG00000151164	0.79	0.220315745
ENSG00000128789	-0.23	0.220531006
ENSG00000132205	0.32	0.220539587
ENSG00000206418	-0.34	0.220581164
ENSG00000118997	1.09	0.220851542
ENSG00000274565	0.67	0.220851542
ENSG00000266010	0.91	0.220851542
ENSG00000259188	1.41	0.2209512
ENSG00000185442	-0.85	0.2209512
ENSG00000122884	0.35	0.221040206
ENSG00000166455	1.22	0.221040206
ENSG00000140905	0.77	0.221040206
ENSG00000261064	1.03	0.221190065
ENSG00000127586	0.48	0.221244439
ENSG00000055332	0.15	0.221341264
ENSG00000163510	0.23	0.221367753
ENSG00000114867	-0.21	0.221829147
ENSG00000129925	-0.26	0.221829147
ENSG00000115255	-0.51	0.221829147
ENSG00000273297	0.66	0.221901687
ENSG00000176809	0.39	0.222214032
ENSG00000136732	0.33	0.222412392
ENSG00000072832	0.18	0.222412392
ENSG00000113734	0.31	0.222412392
ENSG00000132436	0.31	0.222412392
ENSG00000162881	1.55	0.222519264
ENSG00000267737	1.31	0.222519264
ENSG00000168490	0.55	0.222525593
ENSG00000004660	0.68	0.22257602
ENSG00000160767	-0.25	0.222753172
ENSG00000100399	0.75	0.222753172
ENSG00000125843	0.24	0.222854226
ENSG00000204370	-0.21	0.223168649
ENSG00000136636	0.22	0.223196399
ENSG00000121068	-0.27	0.223196399
ENSG00000163528	0.35	0.223211825
ENSG00000177105	-0.18	0.223211825
ENSG00000105568	-0.13	0.22332935
ENSG00000152818	-0.39	0.223500671
ENSG00000171596	-1.62	0.223540722
ENSG00000162927	0.34	0.223938226
ENSG00000077044	-0.26	0.224398586
ENSG00000057935	0.19	0.224542194
ENSG00000099995	-0.19	0.224620772
ENSG00000130208	1.08	0.224676557
ENSG00000150672	-0.61	0.224773446
ENSG00000164542	0.66	0.224878067
ENSG00000187741	0.55	0.224878067
ENSG00000068878	-0.19	0.225048958
ENSG00000128272	0.23	0.225048958
ENSG00000189227	-0.52	0.225106909
ENSG00000132424	0.19	0.225270618
ENSG00000025156	0.24	0.225270618
ENSG00000108592	-0.28	0.225313933
ENSG00000183137	0.25	0.225559987
ENSG00000273749	-0.18	0.225711936
ENSG00000244165	-0.59	0.225711936
ENSG00000113328	0.22	0.226118812
ENSG00000112679	-0.36	0.226118812
ENSG00000140694	-0.14	0.226118812
ENSG00000130600	1.8	0.226175832
ENSG00000013375	0.27	0.226291327
ENSG00000122484	0.18	0.226410813
ENSG00000234608	0.27	0.226410813
ENSG00000082516	-0.21	0.226424355
ENSG00000235257	0.77	0.226773034
ENSG00000105426	-0.47	0.226773034
ENSG00000180914	-1.97	0.226810421
ENSG00000245552	-0.7	0.226892074
ENSG00000184227	-0.81	0.226918853
ENSG00000119688	0.24	0.226928461
ENSG00000109332	-0.14	0.226947823
ENSG00000132780	0.21	0.226992205
ENSG00000213593	-0.22	0.226992205
ENSG00000068079	-0.26	0.226992205
ENSG00000151012	1.14	0.227060119
ENSG00000113811	-0.25	0.227312103
ENSG00000188243	-0.22	0.227312103
ENSG00000087842	0.71	0.227312103
ENSG00000113739	-1.08	0.227456478
ENSG00000118369	0.24	0.227456478
ENSG00000139546	-0.29	0.227456478
ENSG00000135945	0.19	0.227848594
ENSG00000092964	0.25	0.227848594
ENSG00000135387	0.16	0.22788131
ENSG00000167528	-0.23	0.22788131
ENSG00000214357	0.62	0.227902888
ENSG00000164758	-0.39	0.227902888
ENSG00000127603	-0.36	0.227986568
ENSG00000124126	0.57	0.227986568
ENSG00000134762	-1.39	0.228242826
ENSG00000185420	0.29	0.228246202
ENSG00000241127	0.32	0.228246202
ENSG00000182325	-0.4	0.228246202
ENSG00000054282	0.42	0.228521663
ENSG00000107829	-0.26	0.228964046
ENSG00000108819	0.22	0.228964046
ENSG00000134597	0.23	0.228964046
ENSG00000138286	0.22	0.228981225
ENSG00000254554	-0.64	0.228981225
ENSG00000057704	-0.92	0.229058492
ENSG00000109171	-0.19	0.22907929
ENSG00000159784	0.39	0.22907929
ENSG00000138039	-1.52	0.229274199
ENSG00000086189	-0.23	0.229274199
ENSG00000110063	0.34	0.229386169
ENSG00000141385	-0.19	0.22938631
ENSG00000188199	-1.34	0.229653887
ENSG00000177731	-0.18	0.229653887
ENSG00000178031	1.03	0.229664009
ENSG00000176871	-0.29	0.229664009
ENSG00000276141	-0.53	0.229664009
ENSG00000198453	0.27	0.229664009
ENSG00000105849	-0.19	0.229700796
ENSG00000100065	0.48	0.229811617
ENSG00000272172	1.51	0.230017969
ENSG00000159873	0.23	0.230138574
ENSG00000141034	-0.23	0.230386936
ENSG00000272106	0.47	0.230492549
ENSG00000154305	0.16	0.230492549
ENSG00000179922	0.41	0.230492549
ENSG00000075790	-0.29	0.230905955
ENSG00000169193	-0.38	0.230921284
ENSG00000198858	-0.23	0.231087518
ENSG00000131778	0.27	0.231253396
ENSG00000273802	0.96	0.231253396
ENSG00000139370	-0.21	0.231253396
ENSG00000139675	0.47	0.231253396
ENSG00000205771	0.75	0.231253396
ENSG00000112234	-0.2	0.231359443
ENSG00000155252	0.22	0.231584623
ENSG00000246273	-1.11	0.231584623
ENSG00000189292	-1.7	0.231613206
ENSG00000153064	-0.55	0.231613206
ENSG00000100823	0.31	0.231613206
ENSG00000119906	0.25	0.231702558
ENSG00000112414	-0.71	0.231768448
ENSG00000162735	-0.2	0.232017977
ENSG00000273487	-1.04	0.232444898
ENSG00000111237	-0.25	0.232587534
ENSG00000020256	0.29	0.232587534
ENSG00000005448	-0.3	0.232620548
ENSG00000253541	-0.87	0.232620548
ENSG00000177459	0.71	0.232620548
ENSG00000099822	-0.48	0.232620548
ENSG00000141526	-0.78	0.232734685
ENSG00000055813	1.42	0.232961878
ENSG00000142733	-0.35	0.23304761
ENSG00000234537	0.86	0.233074229
ENSG00000138944	1.29	0.233074229
ENSG00000272686	-0.57	0.233086402
ENSG00000230953	0.79	0.233101743
ENSG00000173811	-1.8	0.233112966
ENSG00000136878	0.19	0.233353867
ENSG00000068745	0.29	0.233466959
ENSG00000148396	-0.2	0.233717271
ENSG00000248124	0.32	0.233717271
ENSG00000083457	-0.3	0.234046309
ENSG00000227372	0.17	0.234111796
ENSG00000171189	-1.95	0.234319772
ENSG00000134020	-0.82	0.234673241
ENSG00000170088	-0.33	0.234695244
ENSG00000184922	0.45	0.2347916
ENSG00000163638	-0.67	0.23531397
ENSG00000131435	0.44	0.235352928
ENSG00000118094	-1.56	0.235352928
ENSG00000099875	-0.34	0.235390518
ENSG00000237036	-0.37	0.235580557
ENSG00000246596	-0.7	0.235740763
ENSG00000079335	0.43	0.23592077
ENSG00000170417	0.43	0.236128723
ENSG00000167680	0.91	0.236428942
ENSG00000089127	1.26	0.236452935
ENSG00000196220	0.7	0.236484918
ENSG00000109220	-0.32	0.23648738
ENSG00000178950	-0.15	0.236811704
ENSG00000170458	-0.96	0.237070456
ENSG00000107672	-0.32	0.237223023
ENSG00000258675	1.27	0.237534249
ENSG00000157014	-0.28	0.237755462
ENSG00000232855	-0.66	0.237868715
ENSG00000106336	1.26	0.237920846
ENSG00000167770	-0.17	0.238026954
ENSG00000005801	0.3	0.238221817
ENSG00000198081	0.27	0.238221817
ENSG00000102287	0.7	0.238221817
ENSG00000146648	0.21	0.23872287
ENSG00000159905	0.52	0.238755542
ENSG00000179833	0.22	0.238759316
ENSG00000198682	-0.31	0.238759316
ENSG00000148680	-1.58	0.238759316
ENSG00000135253	1.53	0.238820767
ENSG00000205517	-0.36	0.238820767
ENSG00000100243	-0.23	0.238887269
ENSG00000182397	0.82	0.238937325
ENSG00000234742	1.32	0.239315269
ENSG00000135931	-0.58	0.239344675
ENSG00000161048	0.3	0.239344675
ENSG00000179588	0.37	0.239344675
ENSG00000213889	-0.91	0.239435195
ENSG00000167553	0.41	0.239577311
ENSG00000138600	-0.3	0.239577311
ENSG00000140474	-0.36	0.239577311
ENSG00000177971	-0.34	0.239577311
ENSG00000176593	0.33	0.239577311
ENSG00000187147	-0.22	0.239676858
ENSG00000186395	-0.35	0.239676858
ENSG00000155363	0.3	0.239851288
ENSG00000137075	-0.25	0.239964186
ENSG00000167685	0.21	0.240162871
ENSG00000196678	0.35	0.240611626
ENSG00000165219	-0.17	0.240691699
ENSG00000101109	0.23	0.240825182
ENSG00000117054	-0.33	0.241209271
ENSG00000236801	-1.12	0.241398716
ENSG00000116017	-0.43	0.241401882
ENSG00000109667	-0.38	0.241742819
ENSG00000145860	-0.34	0.241807906
ENSG00000215114	0.28	0.241807906
ENSG00000108826	0.23	0.241808173
ENSG00000146021	0.38	0.241970603
ENSG00000272343	-1.5	0.241970603
ENSG00000066084	0.23	0.241970603
ENSG00000111358	-0.25	0.242000739
ENSG00000196998	-0.21	0.242000739
ENSG00000185842	0.54	0.242269672
ENSG00000105127	-0.21	0.242269672
ENSG00000254506	-1.48	0.242369404
ENSG00000113597	0.26	0.242540309
ENSG00000151320	-0.67	0.242604518
ENSG00000173875	-0.29	0.242710082
ENSG00000269893	0.45	0.242719657
ENSG00000197780	-0.31	0.24302646
ENSG00000091127	-0.53	0.24302646
ENSG00000110619	0.14	0.24302646
ENSG00000132591	-0.18	0.24302646
ENSG00000073711	0.28	0.243225029
ENSG00000132383	0.23	0.243362952
ENSG00000134516	0.35	0.243453796
ENSG00000181894	0.26	0.243464239
ENSG00000185760	1.14	0.243721031
ENSG00000257698	0.33	0.243889304
ENSG00000135316	-0.18	0.243966428
ENSG00000178665	0.72	0.243966428
ENSG00000087077	0.31	0.243966428
ENSG00000188869	1.16	0.243966428
ENSG00000096401	-0.17	0.244311897
ENSG00000110696	-0.13	0.244311897
ENSG00000137692	-0.2	0.244311897
ENSG00000121297	0.24	0.244311897
ENSG00000171204	0.28	0.244797882
ENSG00000178033	-0.33	0.244833914
ENSG00000167778	-0.24	0.244833914
ENSG00000118420	0.69	0.245164356
ENSG00000118418	0.33	0.245179646
ENSG00000170684	-1.3	0.245179646
ENSG00000234546	0.51	0.245281746
ENSG00000110002	0.46	0.245351154
ENSG00000279863	0.95	0.245666245
ENSG00000181649	-0.55	0.245666245
ENSG00000126934	-0.22	0.245704719
ENSG00000162645	0.26	0.245771914
ENSG00000160310	0.16	0.245771914
ENSG00000099821	-0.29	0.246084177
ENSG00000120727	-0.2	0.246542275
ENSG00000152082	-0.3	0.246613393
ENSG00000181751	-0.34	0.246741818
ENSG00000234883	0.8	0.246741818
ENSG00000184634	0.23	0.246997085
ENSG00000261824	0.27	0.247147226
ENSG00000171612	-0.42	0.247348741
ENSG00000143845	-0.48	0.247348741
ENSG00000260743	-1.27	0.247348741
ENSG00000169288	0.24	0.247386812
ENSG00000129559	-0.26	0.247490744
ENSG00000274376	-1.11	0.247531524
ENSG00000091592	0.19	0.247531524
ENSG00000249459	0.58	0.247531524
ENSG00000235961	0.62	0.247531524
ENSG00000169136	1.15	0.247918994
ENSG00000104219	-0.37	0.247990399
ENSG00000114993	0.27	0.248338218
ENSG00000121481	0.23	0.248344224
ENSG00000069869	-0.27	0.248344224
ENSG00000225125	1.06	0.248526314
ENSG00000227825	1.51	0.248544349
ENSG00000253559	-1.09	0.248872885
ENSG00000168453	0.41	0.249088653
ENSG00000247626	-0.48	0.249095773
ENSG00000185163	-0.42	0.249142861
ENSG00000123989	-0.27	0.249279208
ENSG00000164934	-0.3	0.249616661
ENSG00000112245	-0.19	0.249733692
ENSG00000204396	0.96	0.24989742
ENSG00000197170	-0.2	0.249965508
ENSG00000157693	0.27	0.250006164
ENSG00000120756	1.09	0.250597592
ENSG00000121957	-0.43	0.250629419
ENSG00000152942	0.2	0.250629419
ENSG00000196440	0.25	0.250629419
ENSG00000160075	-0.14	0.250664452
ENSG00000126254	-0.24	0.250706184
ENSG00000163001	0.22	0.250838257
ENSG00000067208	-0.23	0.250865296
ENSG00000222041	-0.65	0.250865296
ENSG00000125388	0.3	0.250865296
ENSG00000164327	-0.2	0.250865296
ENSG00000140459	-0.78	0.250865296
ENSG00000172382	-0.53	0.250865296
ENSG00000183077	-0.33	0.250865296
ENSG00000138867	-0.16	0.250865296
ENSG00000168246	0.15	0.251136184
ENSG00000139832	-0.5	0.251136184
ENSG00000162981	-1.05	0.251253471
ENSG00000112149	0.71	0.251253471
ENSG00000167105	0.84	0.251253471
ENSG00000141646	-0.23	0.251253471
ENSG00000177030	0.16	0.251255221
ENSG00000150776	0.17	0.251317487
ENSG00000176894	-0.9	0.251317487
ENSG00000063244	0.22	0.251317487
ENSG00000164307	0.22	0.251371544
ENSG00000079150	0.33	0.251521895
ENSG00000149557	0.24	0.25164991
ENSG00000132003	-0.62	0.25164991
ENSG00000205898	-1.5	0.251824189
ENSG00000230069	1.59	0.252312525
ENSG00000153574	-0.26	0.25232224
ENSG00000172318	-1.34	0.252430497
ENSG00000077458	-0.24	0.252455379
ENSG00000259605	0.84	0.252455379
ENSG00000198924	0.3	0.252648091
ENSG00000100036	-0.45	0.252708246
ENSG00000108523	-0.2	0.253256785
ENSG00000101187	1.01	0.253256785
ENSG00000131779	-0.2	0.253334427
ENSG00000158792	-0.37	0.25371744
ENSG00000198075	1.33	0.253741621
ENSG00000032444	-0.18	0.253741621
ENSG00000279233	0.95	0.253775263
ENSG00000117906	-0.27	0.253986421
ENSG00000165669	0.19	0.254090294
ENSG00000167637	0.32	0.254590196
ENSG00000130347	0.45	0.255274456
ENSG00000162851	-0.27	0.255287531
ENSG00000233237	-0.65	0.255336086
ENSG00000166783	0.21	0.255336086
ENSG00000147400	0.24	0.255336086
ENSG00000050628	0.28	0.255495745
ENSG00000161021	-0.16	0.255587318
ENSG00000100376	0.48	0.255942062
ENSG00000117228	-0.35	0.25600425
ENSG00000128563	0.22	0.25600425
ENSG00000278834	0.79	0.25600425
ENSG00000153339	-0.15	0.25600425
ENSG00000198814	-0.89	0.25600425
ENSG00000130779	-0.25	0.256193456
ENSG00000153094	0.47	0.25642532
ENSG00000126522	-0.48	0.25642532
ENSG00000165689	-0.23	0.25642532
ENSG00000156374	-0.32	0.25642532
ENSG00000257365	0.33	0.25642532
ENSG00000169718	-0.23	0.25642532
ENSG00000135919	0.6	0.256495936
ENSG00000126243	-0.21	0.256495936
ENSG00000033170	0.28	0.257617598
ENSG00000132549	0.22	0.257645415
ENSG00000148225	0.37	0.257645415
ENSG00000164244	0.2	0.257668649